OBS_ID EXTENSION START END MIDTIME EXP_TIME FILTER PA HELIO HELIO_V OBS_DIS PHASE RA DEC PX PY
00091019001 1 2011-04-30T07:05:10.000 2011-04-30T07:09:59.000 2011-04-30T07:07:34.500 284.449112479162 UVW1 55.0238653922682 3.353850760124 -16.8771715 3.78075869244899 14.7157 344.30987 -9.95784 692.7184071378094 526.0336379359791
00091019001 1 2011-04-30T06:59:41.000 2011-04-30T07:05:05.000 2011-04-30T07:02:23.000 318.654676694339 V 55.0238653922682 3.353885907622 -16.8771592 3.78084818852045 14.7153 344.30979 -9.95851 698.325451472309 529.8939791223268
00091019002 1 2011-04-30T07:27:28.000 2011-04-30T07:28:54.000 2011-04-30T07:28:11.000 84.214265037278 UVW2 55.0023788468009 3.353711244232 -16.8772206 3.78044677957256 14.7169 344.3105 -9.95508 1103.2606102747898 1100.2415595214588
00091019002 1 2011-04-30T07:10:23.000 2011-04-30T07:27:28.000 2011-04-30T07:18:55.500 565.6144962 UGRISM 55.0023788468009 3.35377392167 -16.8771985 3.78057990609363 14.7164 344.31011 -9.95632 619.9358687997342 1479.1886543431403
00091211001 1 2011-04-23T06:13:49.000 2011-04-23T06:18:12.000 2011-04-23T06:16:00.500 259.614875093991 V 75.9952507472372 3.422388579901 -16.850625 3.94813011802103 13.3837 343.66215 -11.10595 645.9785504927086 559.4885720181649
00091211001 1 2011-04-23T06:18:18.000 2011-04-23T06:21:59.000 2011-04-23T06:20:08.500 218.101240954077 UVW1 75.9952507472372 3.422360641119 -16.8506367 3.94805568908817 13.3843 343.6623 -11.10554 641.4575509091561 554.4714202879754
00091211002 1 2011-04-23T06:22:23.000 2011-04-23T06:39:28.000 2011-04-23T06:30:55.500 532.486128 UGRISM 76.0165320063489 3.422287752996 -16.8506675 3.94787304401254 13.3854 343.66259 -11.10437 673.6104970199116 1419.6855503852291
00091211002 1 2011-04-23T06:39:29.000 2011-04-23T06:40:54.000 2011-04-23T06:40:11.500 83.5955005953931 UVW2 76.0165320063489 3.422225117275 -16.8506939 3.94773131147448 13.3859 343.66285 -11.10323 1273.7867886247327 1236.9191809280076
00091254001 1 2011-10-28T01:57:50.000 2011-10-28T02:00:59.000 2011-10-28T01:59:24.500 186.176034577005 UVW1 232.025014615436 1.733284177351 -10.3943035 1.9817730977127 30.0929 264.79556 18.71811 550.6264224660819 510.99117668102014
00091254001 1 2011-10-28T01:53:51.000 2011-10-28T01:57:45.000 2011-10-28T01:55:48.000 230.08945275614 V 232.025014615436 1.733299219887 -10.3946411 1.98175924359391 30.0935 264.79608 18.71791 549.8819680514243 523.7748841658048
00091254002 1 2011-10-28T02:01:23.000 2011-10-28T02:19:23.000 2011-10-28T02:10:23.000 730.8871584 UGRISM 232.001830927964 1.733238427768 -10.3932767 1.98182531739421 30.0916 264.79363 18.71857 1476.5602067023776 800.7537236226724
00091254002 1 2011-10-28T02:19:23.000 2011-10-28T02:20:53.000 2011-10-28T02:20:08.000 88.6010872847255 UVW2 232.001830927964 1.733197788964 -10.3923643 1.98188732689905 30.0912 264.79177 18.7187 1035.4459358187194 1238.221542374122
00091255001 1 2011-10-31T00:33:34.000 2011-10-31T00:36:58.000 2011-10-31T00:35:16.000 200.542338082768 V 232.065611395433 1.715967647322 -9.989368 2.00546713593174 29.6693 264.39241 18.74157 507.8933946362262 596.7497345270283
00091255001 1 2011-10-31T00:37:03.000 2011-10-31T00:40:00.000 2011-10-31T00:38:31.500 173.384200556779 UVW1 232.065611395433 1.715954593443 -9.9890498 2.00547876308408 29.6688 264.39194 18.74175 503.17644659088126 596.1877775773539
00091255002 1 2011-10-31T00:57:27.000 2011-10-31T00:58:53.000 2011-10-31T00:58:10.000 84.2678660827022 UVW2 231.999874880198 1.715875912746 -9.9871318 2.00557919023477 29.6672 264.38856 18.74221 1048.5921433506478 1197.5598738508909
00091255002 1 2011-10-31T00:40:23.000 2011-10-31T00:57:28.000 2011-10-31T00:48:55.500 692.4056976 UGRISM 231.999874880198 1.715912930945 -9.9880343 2.00552479513688 29.6676 264.3902 18.74215 1490.1878010299272 765.2394108772287
00091256001 1 2011-12-20T07:21:52.000 2011-12-20T07:24:16.000 2011-12-20T07:23:04.000 141.502457695917 V 163.016635211353 1.551240519863 -0.7205849 2.03564608690834 27.8825 262.59489 23.83324 553.3207828306884 639.0984630966152
00091256001 1 2011-12-20T07:24:21.000 2011-12-20T07:25:59.000 2011-12-20T07:25:10.000 96.5791428515843 UVW1 163.016635211353 1.551239913041 -0.7202744 2.03563202353457 27.8826 262.59481 23.83367 542.5912521068309 638.1466962405544
00091256002 1 2011-12-20T07:26:23.000 2011-12-20T07:49:50.000 2011-12-20T07:38:06.500 834.4092372 UGRISM 162.987600196696 1.551236179184 -0.7183604 2.03555668548501 27.8831 262.59388 23.83615 948.8521109126704 660.6412302412535
00091256002 1 2011-12-20T07:49:50.000 2011-12-20T07:51:53.000 2011-12-20T07:50:51.500 120.559324331402 UVW2 162.987600196696 1.551232510397 -0.7164749 2.03550554552748 27.8837 262.59277 23.83806 1194.8236338630095 1262.4240961565497
00091257001 1 2011-12-23T20:31:57.000 2011-12-23T20:32:59.000 2011-12-23T20:32:28.000 61.4614158368048 UVW1 163.060548903495 1.550538777911 0.0359673 2.00917071257321 28.5375 262.59378 24.64412 481.6956053298503 582.3021785448425
00091257001 1 2011-12-23T20:30:13.000 2011-12-23T20:31:51.000 2011-12-23T20:31:02.000 96.2099392059746 V 163.060548903495 1.550538757294 0.0357549 2.00918067462423 28.5374 262.59388 24.64382 487.8498736174719 577.7195070617774
00091257002 1 2011-12-23T20:54:54.000 2011-12-23T20:56:53.000 2011-12-23T20:55:53.500 116.91051561865 UVW2 163.011951362526 1.55053913215 0.0394378 2.00904504554409 28.5389 262.59173 24.64801 1198.5661134322736 1276.7404381380434
00091257002 1 2011-12-23T20:33:24.000 2011-12-23T20:54:53.000 2011-12-23T20:44:08.500 774.841152 UGRISM 163.011951362526 1.550538950389 0.037697 2.0090989745147 28.538 262.59274 24.64632 952.4158447687922 678.8224239744668
00091265001 1 2012-03-01T10:46:54.000 2012-03-01T10:51:00.000 2012-03-01T10:48:57.000 241.817041033946 UVW1 63.9920287159922 1.811724897159 11.8887552 1.27058592418607 31.752 229.74394 66.33518 520.2578562084789 638.5010316655992
00091265001 1 2012-03-01T10:42:24.000 2012-03-01T10:46:47.000 2012-03-01T10:44:35.500 259.60395016906 V 63.9920287159922 1.811704115234 11.8884185 1.27059712038341 31.7533 229.75319 66.33297 510.9392590934965 619.0751318624636
00091265002 1 2012-03-01T10:51:23.000 2012-03-01T10:59:00.000 2012-03-01T10:55:11.500 368.5055916 UGRISM 63.9953961430773 1.811754660344 11.8892373 1.2705724306388 31.75 229.73091 66.33809 566.4357457015675 1282.9283931682667
00091265003 1 2012-03-01T10:59:22.000 2012-03-01T11:06:59.000 2012-03-01T11:03:10.500 192.8742066 UGRISM 64.0028972865645 1.811792730174 11.8898538 1.27056006953402 31.7473 229.715 66.34148 606.0320364353448 1374.5661584892061
00091265004 1 2012-03-01T11:07:22.000 2012-03-01T11:15:22.000 2012-03-01T11:11:22.000 189.6601794 UGRISM 64.0032628859504 1.811831795319 11.8904864 1.2705526489714 31.7447 229.69995 66.34482 646.7384755027658 1375.020480172329
00091265004 1 2012-03-01T11:15:20.000 2012-03-01T11:15:52.000 2012-03-01T11:15:36.000 31.9066812237921 UVW2 64.0032628859504 1.811851984368 11.8908133 1.27055033477836 31.7436 229.69271 66.34659 1219.7388311616576 1077.0629276505151
00091266001 1 2012-03-04T10:54:38.000 2012-03-04T10:58:59.000 2012-03-04T10:56:48.500 257.551618306051 UVW1 50.9488201715069 1.832646836573 12.2147184 1.26612550579582 30.9895 221.02287 68.43359 530.7308220178304 525.1741201621473
00091266001 1 2012-03-04T10:49:39.000 2012-03-04T10:54:32.000 2012-03-04T10:52:05.500 289.129352854283 V 50.9488201715069 1.832623729604 12.2143721 1.2661316063971 30.9907 221.03501 68.43168 522.7241999822786 517.7855977229242
00091266002 1 2012-03-04T10:59:23.000 2012-03-04T11:06:59.000 2012-03-04T11:03:11.000 417.6715212 UGRISM 51.0137728266248 1.832678068651 12.2151864 1.26612005822814 30.9876 221.00661 68.43589 779.2495351334607 1576.0167536011306
00091266003 1 2012-03-04T11:07:22.000 2012-03-04T11:15:00.000 2012-03-04T11:11:11.000 225.1013442 UGRISM 50.9921697813035 1.832717263325 12.2157736 1.26611850284138 30.985 220.98695 68.43842 791.2060870266546 1575.4466363191166
00091266004 1 2012-03-04T11:24:15.000 2012-03-04T11:24:52.000 2012-03-04T11:24:33.500 36.4347007943806 UVW2 51.0072383496422 1.832782795654 12.2167553 1.26612754786821 30.9808 220.95702 68.4424 1352.4101972185422 1178.280523807011
00091266004 1 2012-03-04T11:15:22.000 2012-03-04T11:24:17.000 2012-03-04T11:19:49.500 215.9370234 UGRISM 51.0072383496422 1.832759603601 12.2164079 1.2661230482245 30.9822 220.96715 68.44097 854.6432845173705 1589.597772071742
00091267001 1 2012-04-01T13:36:44.000 2012-04-01T13:40:38.000 2012-04-01T13:38:41.000 230.078508178581 V 300.012545730908 2.0514908023 14.5409325 1.52722987177082 27.8111 143.04548 57.54654 508.8132525463426 624.6521769939696
00091267001 1 2012-04-01T13:40:45.000 2012-04-01T13:43:59.000 2012-04-01T13:42:22.000 191.36651834787 UVW1 300.012545730908 2.051512281774 14.541092 1.52726847186415 27.8111 143.04258 57.54466 506.3799764956141 620.8989972436476
00091267002 1 2012-04-01T13:44:23.000 2012-04-01T13:50:00.000 2012-04-01T13:47:11.500 331.565877899134 UGRISM 299.991732028602 2.051540419158 14.5413009 1.5273213200904 27.8114 143.03856 57.54216 1902.189603687445 1551.2114908495962
00091267003 1 2012-04-01T13:50:22.000 2012-04-01T13:55:59.000 2012-04-01T13:53:10.500 331.989371488091 UGRISM 300.003758656533 2.051575311802 14.54156 1.52739136063889 27.812 143.03335 57.53894 1886.2584582487393 1530.5433803345109
00091267004 1 2012-04-01T13:56:22.000 2012-04-01T14:03:27.000 2012-04-01T13:59:54.500 355.117431 UGRISM 299.998029782919 2.051614578597 14.5418515 1.52747679878562 27.8128 143.02738 57.53513 1909.4776369868036 1504.4476018372395
00091267004 1 2012-04-01T14:03:25.000 2012-04-01T14:03:54.000 2012-04-01T14:03:39.500 28.3466695349621 UVW2 299.998029782919 2.051636447679 14.5420139 1.52752732395586 27.8133 143.02411 57.53292 1366.238609005606 1217.6495433328025
