Borisov
OH
 EXCITATION RATE AT 1 AU IS  2.400E-04 PHOT/MOL/S     RHELIO=  2.013 AU   DELTA =  2.044 AU
 THE DESTRUCTION LEVEL OF THE PARENT MOLECULES IS: DESTP= 99.0 %
 THE DESTRUCTION LEVEL OF THE RADICALS IS:         DESTR= 95.0
 PERMANENT FLOW REGIM : TPERM= 36.78 DAYS
  THE GAS PRODUCTION IS  7.15E+26 BETWEEN  93.00 DAYS AND  0.00 DAYS
 VPAR= 0.599 KM/S;  VDG= 1.050 KM/S; TPDISS= 101730.S;  TPTOT=  86430.S  TGTOT= 129000.S;  RCOMA=9.661E+05(KM); DIM=3.548E+06 KM
  L=15;   JMAX=150;  NF=26; DALFA=0.121 RD
 Spatial resolution near the nucleus is: 1359. km
 Collision sphere radius is: 0.91E+06 cm

  R (km) and DAUGHTER PRODUCT DENSITIES (cm**-3)

  0.68E+03  0.57E+03    0.48E+04  0.80E+02    0.88E+04  0.42E+02    0.13E+05  0.28E+02
  0.17E+05  0.21E+02    0.22E+05  0.16E+02    0.30E+05  0.11E+02    0.38E+05  0.80E+01
  0.46E+05  0.63E+01    0.54E+05  0.51E+01    0.63E+05  0.42E+01    0.75E+05  0.33E+01
  0.88E+05  0.26E+01    0.10E+06  0.22E+01    0.11E+06  0.18E+01    0.13E+06  0.15E+01
  0.15E+06  0.12E+01    0.17E+06  0.95E+00    0.19E+06  0.78E+00    0.21E+06  0.64E+00
  0.23E+06  0.52E+00    0.26E+06  0.40E+00    0.29E+06  0.31E+00    0.33E+06  0.25E+00
  0.36E+06  0.20E+00    0.40E+06  0.16E+00    0.44E+06  0.12E+00    0.49E+06  0.90E-01
  0.54E+06  0.70E-01    0.59E+06  0.54E-01    0.64E+06  0.42E-01    0.72E+06  0.30E-01
  0.79E+06  0.22E-01    0.86E+06  0.16E-01    0.94E+06  0.12E-01    0.10E+07  0.89E-02
  0.11E+07  0.61E-02    0.12E+07  0.43E-02    0.13E+07  0.31E-02    0.14E+07  0.23E-02
  0.15E+07  0.17E-02    0.17E+07  0.11E-02    0.19E+07  0.68E-03    0.20E+07  0.45E-03
  0.22E+07  0.31E-03    0.24E+07  0.20E-03    0.26E+07  0.12E-03    0.29E+07  0.70E-04
  0.31E+07  0.42E-04    0.33E+07  0.26E-04

 NUMBER OF RADICALS IN THE COMA: 0.313E+33
THEORETICAL VALUE FOR STEADY STATE IS  0.318E+33  TOTAL/THEORY IS 0.985

 CHECK ON COLUMN DENSITY CALCULATION ACCURACY : "S1/S2" should not differ from 100 by more than 
 1 unit except near the center or near the edge of the coma
 **  P(cm)   SG1(trapeziums)  SG2(Gauss)    nseg    G1      G2      G3      S1/S2
  0.108E+09     0.425E+12     0.421E+12      192   0.673   0.164   0.163    101.0
  0.192E+09     0.368E+12     0.365E+12      148   0.664   0.179   0.157    100.8
  0.341E+09     0.319E+12     0.319E+12      114   0.665   0.190   0.145     99.9
  0.606E+09     0.275E+12     0.274E+12       88   0.666   0.202   0.132    100.1
  0.108E+10     0.230E+12     0.230E+12       68   0.667   0.215   0.119    100.0
  0.192E+10     0.186E+12     0.186E+12       53   0.662   0.231   0.107    100.0
  0.341E+10     0.143E+12     0.143E+12       41   0.655   0.251   0.095     99.9
  0.606E+10     0.102E+12     0.102E+12       32   0.639   0.275   0.086     99.9
  0.108E+11     0.664E+11     0.664E+11       25   0.614   0.305   0.080     99.9
  0.192E+11     0.371E+11     0.371E+11       25   0.487   0.382   0.131     99.9
  0.341E+11     0.166E+11     0.167E+11       25   0.359   0.418   0.223     99.8
  0.606E+11     0.544E+10     0.545E+10       10   0.556   0.380   0.064     99.9
  0.108E+12     0.114E+10     0.114E+10       10   0.389   0.443   0.168     99.8
  0.192E+12     0.143E+09     0.144E+09        5   0.454   0.456   0.090     99.4
1

   P(km)       N(cm-2)     P(km)       N(cm-2)     P(km)       N(cm-2)     P(km)       N(cm-2)  

  0.680E+03   4.52E+11    7.628E+02   4.45E+11    8.559E+02   4.37E+11    9.603E+02   4.30E+11
  1.077E+03   4.21E+11    1.209E+03   4.11E+11    1.356E+03   4.07E+11    1.522E+03   3.93E+11
  1.708E+03   3.79E+11    1.916E+03   3.65E+11    2.150E+03   3.55E+11    2.412E+03   3.49E+11
  2.707E+03   3.39E+11    3.037E+03   3.29E+11    3.407E+03   3.19E+11    3.823E+03   3.10E+11
  4.290E+03   3.02E+11    4.813E+03   2.93E+11    5.400E+03   2.84E+11    6.059E+03   2.74E+11
  6.799E+03   2.66E+11    7.628E+03   2.56E+11    8.559E+03   2.48E+11    9.603E+03   2.39E+11
  1.077E+04   2.30E+11    1.209E+04   2.21E+11    1.356E+04   2.12E+11    1.522E+04   2.03E+11
  1.708E+04   1.94E+11    1.916E+04   1.86E+11    2.150E+04   1.77E+11    2.412E+04   1.68E+11
  2.707E+04   1.60E+11    3.037E+04   1.51E+11    3.407E+04   1.43E+11    3.823E+04   1.34E+11
  4.290E+04   1.26E+11    4.813E+04   1.18E+11    5.400E+04   1.10E+11    6.059E+04   1.02E+11
  6.799E+04   9.48E+10    7.628E+04   8.73E+10    8.559E+04   8.01E+10    9.603E+04   7.31E+10
  1.077E+05   6.64E+10    1.209E+05   5.99E+10    1.356E+05   5.38E+10    1.522E+05   4.79E+10
  1.708E+05   4.23E+10    1.916E+05   3.71E+10    2.150E+05   3.23E+10    2.412E+05   2.78E+10
  2.707E+05   2.37E+10    3.037E+05   2.00E+10    3.407E+05   1.67E+10    3.823E+05   1.37E+10
  4.290E+05   1.11E+10    4.813E+05   8.91E+09    5.400E+05   7.03E+09    6.059E+05   5.45E+09
  6.799E+05   4.16E+09    7.628E+05   3.11E+09    8.559E+05   2.28E+09    9.603E+05   1.63E+09
  1.077E+06   1.14E+09    1.209E+06   7.92E+08    1.356E+06   5.38E+08    1.522E+06   3.57E+08
  1.708E+06   2.30E+08    1.916E+06   1.44E+08    2.150E+06   8.65E+07    2.412E+06   4.97E+07


 Customized slit size:  40.00 by  40.00  arc sec  {perpendicular + along sun-comet line}
  SLITCENTER (km)   AVERAGE COL. DENSITY (cm-2)    BRIGHTNESS (kR)
     0.680E+03               0.181E+12                     1.069E-02
     0.960E+03               0.181E+12                     1.069E-02
     0.136E+04               0.180E+12                     1.069E-02
     0.192E+04               0.180E+12                     1.069E-02
     0.271E+04               0.180E+12                     1.068E-02
     0.382E+04               0.180E+12                     1.067E-02
     0.540E+04               0.180E+12                     1.064E-02
     0.763E+04               0.179E+12                     1.058E-02
     0.108E+05               0.177E+12                     1.047E-02
     0.152E+05               0.173E+12                     1.024E-02
     0.215E+05               0.165E+12                     9.778E-03
     0.304E+05               0.149E+12                     8.821E-03
     0.429E+05               0.126E+12                     7.461E-03
     0.606E+05               0.103E+12                     6.079E-03
     0.856E+05               0.804E+11                     4.762E-03
     0.121E+06               0.601E+11                     3.561E-03
     0.171E+06               0.424E+11                     2.513E-03
     0.241E+06               0.278E+11                     1.649E-03
     0.341E+06               0.167E+11                     9.876E-04
     0.481E+06               0.892E+10                     5.283E-04
     0.680E+06               0.416E+10                     2.462E-04
     0.960E+06               0.163E+10                     9.665E-05
     0.136E+07               0.538E+09                     3.186E-05
     0.192E+07               0.144E+09                     8.518E-06

