Garradd
OH
 EXCITATION RATE AT 1 AU IS  2.400E-04 PHOT/MOL/S     RHELIO=  1.551 AU   DELTA =  2.009 AU
 THE DESTRUCTION LEVEL OF THE PARENT MOLECULES IS: DESTP= 99.0 %
 THE DESTRUCTION LEVEL OF THE RADICALS IS:         DESTR= 95.0
 PERMANENT FLOW REGIM : TPERM= 21.83 DAYS
  THE GAS PRODUCTION IS  1.53E+28 BETWEEN 300.00 DAYS AND  0.00 DAYS
 VPAR= 0.683 KM/S;  VDG= 1.050 KM/S; TPDISS= 101730.S;  TPTOT=  86430.S  TGTOT= 129000.S;  RCOMA=6.532E+05(KM); DIM=2.263E+06 KM
  L=15;   JMAX=150;  NF=26; DALFA=0.121 RD
 Spatial resolution near the nucleus is:  867. km
 Collision sphere radius is: 0.17E+08 cm

  R (km) and DAUGHTER PRODUCT DENSITIES (cm**-3)

  0.43E+03  0.27E+05    0.30E+04  0.38E+04    0.56E+04  0.20E+04    0.82E+04  0.13E+04
  0.11E+05  0.97E+03    0.14E+05  0.74E+03    0.19E+05  0.51E+03    0.24E+05  0.38E+03
  0.29E+05  0.30E+03    0.35E+05  0.24E+03    0.40E+05  0.20E+03    0.48E+05  0.16E+03
  0.56E+05  0.13E+03    0.64E+05  0.10E+03    0.72E+05  0.88E+02    0.80E+05  0.74E+02
  0.93E+05  0.58E+02    0.11E+06  0.46E+02    0.12E+06  0.38E+02    0.13E+06  0.31E+02
  0.15E+06  0.26E+02    0.17E+06  0.20E+02    0.19E+06  0.15E+02    0.21E+06  0.12E+02
  0.23E+06  0.98E+01    0.25E+06  0.79E+01    0.28E+06  0.59E+01    0.31E+06  0.45E+01
  0.35E+06  0.35E+01    0.38E+06  0.27E+01    0.41E+06  0.21E+01    0.46E+06  0.15E+01
  0.50E+06  0.11E+01    0.55E+06  0.81E+00    0.60E+06  0.60E+00    0.65E+06  0.45E+00
  0.71E+06  0.30E+00    0.78E+06  0.21E+00    0.84E+06  0.15E+00    0.91E+06  0.11E+00
  0.98E+06  0.80E-01    0.11E+07  0.50E-01    0.12E+07  0.33E-01    0.13E+07  0.21E-01
  0.14E+07  0.14E-01    0.15E+07  0.95E-02    0.17E+07  0.55E-02    0.18E+07  0.32E-02
  0.20E+07  0.19E-02    0.21E+07  0.12E-02

 NUMBER OF RADICALS IN THE COMA: 0.398E+34
THEORETICAL VALUE FOR STEADY STATE IS  0.404E+34  TOTAL/THEORY IS 0.985

 CHECK ON COLUMN DENSITY CALCULATION ACCURACY : "S1/S2" should not differ from 100 by more than 
 1 unit except near the center or near the edge of the coma
 **  P(cm)   SG1(trapeziums)  SG2(Gauss)    nseg    G1      G2      G3      S1/S2
  0.687E+08     0.129E+14     0.128E+14      192   0.671   0.164   0.165    101.0
  0.122E+09     0.112E+14     0.111E+14      148   0.661   0.179   0.160    100.8
  0.217E+09     0.969E+13     0.970E+13      114   0.662   0.190   0.148     99.9
  0.386E+09     0.836E+13     0.836E+13       88   0.663   0.202   0.135    100.1
  0.687E+09     0.701E+13     0.701E+13       68   0.663   0.216   0.121    100.0
  0.122E+10     0.567E+13     0.567E+13       53   0.658   0.233   0.109    100.0
  0.217E+10     0.437E+13     0.437E+13       41   0.650   0.252   0.097     99.9
  0.386E+10     0.315E+13     0.315E+13       32   0.635   0.277   0.088     99.9
  0.687E+10     0.206E+13     0.206E+13       25   0.611   0.307   0.082     99.9
  0.122E+11     0.116E+13     0.116E+13       25   0.484   0.384   0.132     99.9
  0.217E+11     0.524E+12     0.525E+12       25   0.357   0.419   0.224     99.8
  0.386E+11     0.172E+12     0.173E+12       10   0.557   0.381   0.062     99.9
  0.687E+11     0.358E+11     0.358E+11       10   0.394   0.443   0.163     99.8
  0.122E+12     0.429E+10     0.431E+10        5   0.457   0.455   0.088     99.4
1

   P(km)       N(cm-2)     P(km)       N(cm-2)     P(km)       N(cm-2)     P(km)       N(cm-2)  

  0.434E+03   1.37E+13    4.865E+02   1.35E+13    5.459E+02   1.33E+13    6.125E+02   1.31E+13
  6.872E+02   1.28E+13    7.711E+02   1.25E+13    8.652E+02   1.24E+13    9.708E+02   1.20E+13
  1.089E+03   1.15E+13    1.222E+03   1.11E+13    1.371E+03   1.09E+13    1.539E+03   1.06E+13
  1.726E+03   1.03E+13    1.937E+03   1.00E+13    2.173E+03   9.70E+12    2.438E+03   9.44E+12
  2.736E+03   9.19E+12    3.070E+03   8.91E+12    3.444E+03   8.64E+12    3.865E+03   8.36E+12
  4.336E+03   8.09E+12    4.865E+03   7.83E+12    5.459E+03   7.55E+12    6.125E+03   7.28E+12
  6.872E+03   7.01E+12    7.711E+03   6.74E+12    8.652E+03   6.48E+12    9.708E+03   6.21E+12
  1.089E+04   5.94E+12    1.222E+04   5.67E+12    1.371E+04   5.41E+12    1.539E+04   5.15E+12
  1.726E+04   4.89E+12    1.937E+04   4.63E+12    2.173E+04   4.37E+12    2.438E+04   4.12E+12
  2.736E+04   3.87E+12    3.070E+04   3.63E+12    3.444E+04   3.39E+12    3.865E+04   3.15E+12
  4.336E+04   2.92E+12    4.865E+04   2.69E+12    5.459E+04   2.47E+12    6.125E+04   2.26E+12
  6.872E+04   2.06E+12    7.711E+04   1.86E+12    8.652E+04   1.67E+12    9.708E+04   1.49E+12
  1.089E+05   1.32E+12    1.222E+05   1.16E+12    1.371E+05   1.01E+12    1.539E+05   8.71E+11
  1.726E+05   7.44E+11    1.937E+05   6.28E+11    2.173E+05   5.25E+11    2.438E+05   4.33E+11
  2.736E+05   3.52E+11    3.070E+05   2.82E+11    3.444E+05   2.23E+11    3.865E+05   1.73E+11
  4.336E+05   1.32E+11    4.865E+05   9.84E+10    5.459E+05   7.21E+10    6.125E+05   5.16E+10
  6.872E+05   3.58E+10    7.711E+05   2.45E+10    8.652E+05   1.65E+10    9.708E+05   1.09E+10
  1.089E+06   6.96E+09    1.222E+06   4.31E+09    1.371E+06   2.58E+09    1.539E+06   1.47E+09


 Customized slit size:  50.00 by  50.00  arc sec  {perpendicular + along sun-comet line}
  SLITCENTER (km)   AVERAGE COL. DENSITY (cm-2)    BRIGHTNESS (kR)
     0.434E+03               0.407E+13                     4.059E-01
     0.613E+03               0.407E+13                     4.059E-01
     0.865E+03               0.407E+13                     4.059E-01
     0.122E+04               0.407E+13                     4.058E-01
     0.173E+04               0.406E+13                     4.058E-01
     0.244E+04               0.406E+13                     4.056E-01
     0.344E+04               0.406E+13                     4.052E-01
     0.487E+04               0.405E+13                     4.045E-01
     0.687E+04               0.404E+13                     4.031E-01
     0.971E+04               0.401E+13                     4.003E-01
     0.137E+05               0.395E+13                     3.947E-01
     0.194E+05               0.384E+13                     3.833E-01
     0.274E+05               0.361E+13                     3.599E-01
     0.386E+05               0.312E+13                     3.117E-01
     0.546E+05               0.249E+13                     2.482E-01
     0.771E+05               0.188E+13                     1.872E-01
     0.109E+06               0.133E+13                     1.329E-01
     0.154E+06               0.878E+12                     8.765E-02
     0.217E+06               0.528E+12                     5.273E-02
     0.307E+06               0.283E+12                     2.830E-02
     0.434E+06               0.132E+12                     1.319E-02
     0.613E+06               0.516E+11                     5.156E-03
     0.865E+06               0.165E+11                     1.652E-03
     0.122E+07               0.432E+10                     4.309E-04

