OBS_ID EXTENSION START END MIDTIME EXP_TIME FILTER PA HELIO HELIO_V OBS_DIS PHASE RA DEC PX PY
00013089001 1 2020-01-13T00:54:26.000 2020-01-13T00:57:55.000 2020-01-13T00:56:10.500 206.492980496921 UVW2 118.000752680748 2.155738770175 14.0040822 1.96936545448111 27.1123 185.70632 -44.30389 378.39497654894035 741.6964479442695
00013090002 1 2020-01-13T00:58:18.000 2020-01-13T01:01:38.000 2020-01-13T00:59:58.000 196.611390559878 V 117.996038166767 2.155760067237 14.0049692 1.96937039861236 27.1121 185.70681 -44.30566 435.67403548316037 745.0945518267722
00013090002 2 2020-01-13T01:01:42.000 2020-01-13T01:04:55.000 2020-01-13T01:03:18.500 190.258927239662 V 117.996038166767 2.155778837806 14.0057509 1.96937579616305 27.1118 185.7072 -44.30716 434.9924953896796 742.4053754870781
00013091003 1 2020-01-13T01:05:18.000 2020-01-13T01:08:38.000 2020-01-13T01:06:58.000 196.622256409599 UVW1 118.012425638954 2.15579938827 14.0066067 1.96938304309799 27.1114 185.70762 -44.30875 422.3843355833994 731.2296418363842
00013091003 2 2020-01-13T01:08:41.000 2020-01-13T01:12:01.000 2020-01-13T01:10:21.000 195.4693164 UVW1 118.012425638954 2.155818394992 14.0073981 1.9693911221146 27.1109 185.70802 -44.31015 420.23543214729136 728.2320186850169
00013091003 3 2020-01-13T01:12:01.000 2020-01-13T01:15:16.000 2020-01-13T01:13:38.500 192.658730931511 UVW1 118.012425638954 2.155836887722 14.0081681 1.96940030911492 27.1104 185.70844 -44.31148 418.2046538865529 723.5205115632809
00013091003 4 2020-01-13T01:15:19.000 2020-01-13T01:18:39.000 2020-01-13T01:16:59.000 196.622236698307 UVW1 118.012425638954 2.155855662332 14.0089497 1.96941096431087 27.1098 185.7089 -44.31278 417.4793213411234 718.4963509577616
00013091003 5 2020-01-13T01:18:42.000 2020-01-13T01:22:02.000 2020-01-13T01:20:22.000 196.622236698307 UVW1 118.012425638954 2.155874672047 14.009741 1.96942304006015 27.1091 185.70944 -44.31407 416.69713514309694 713.9383601675327
00013091003 6 2020-01-13T01:22:05.000 2020-01-13T01:22:55.000 2020-01-13T01:22:30.000 49.7229419979865 UVW1 118.012425638954 2.155886658991 14.01024 1.96943125956976 27.1087 185.70981 -44.31487 414.39511089838885 711.669438711083
00013093001 1 2020-01-13T07:17:06.000 2020-01-13T07:19:55.000 2020-01-13T07:18:30.500 166.543068025917 UVW2 118.023571759258 2.15789301934 14.0933765 1.97041293229155 27.0854 185.7952 -44.47442 361.7835889873707 708.0334456960178
00013094002 1 2020-01-13T07:20:19.000 2020-01-13T07:23:38.000 2020-01-13T07:21:58.500 196.611370848586 V 117.992921595793 2.157912615039 14.0941848 1.97041743268081 27.0852 185.79565 -44.47604 447.644006726647 757.913186056667
00013094002 2 2020-01-13T07:23:41.000 2020-01-13T07:26:55.000 2020-01-13T07:25:18.000 190.932178503156 V 117.992921595793 2.157931410962 14.0949601 1.97042272071757 27.085 185.79604 -44.47754 447.3799320444286 754.0490844061833
00013095003 1 2020-01-13T07:27:19.000 2020-01-13T07:30:39.000 2020-01-13T07:28:59.000 196.611370848586 UVW1 118.006431855219 2.157952233656 14.0958188 1.97042991557467 27.0846 185.79646 -44.47913 414.64879217120654 732.2237067249428
00013095003 2 2020-01-13T07:30:42.000 2020-01-13T07:34:02.000 2020-01-13T07:32:22.000 196.633082954064 UVW1 118.006431855219 2.157971361436 14.0966076 1.9704379070788 27.0841 185.79685 -44.48054 414.8011212113529 728.5737604970882
00013095003 3 2020-01-13T07:34:04.000 2020-01-13T07:37:24.000 2020-01-13T07:35:44.000 196.622236698307 UVW1 118.006431855219 2.157990395988 14.0973925 1.97044724371785 27.0836 185.79727 -44.48189 413.42428437586335 724.3273928696299
00013095003 4 2020-01-13T07:37:27.000 2020-01-13T07:40:47.000 2020-01-13T07:39:07.000 196.611370848586 UVW1 118.006431855219 2.158009525772 14.0981812 1.97045801669902 27.0829 185.79774 -44.48321 411.70771433119046 719.8701706334438
00013095003 5 2020-01-13T07:40:50.000 2020-01-13T07:44:10.000 2020-01-13T07:42:30.000 196.622236815636 UVW1 118.006431855219 2.158028656565 14.0989699 1.97047011333834 27.0823 185.79826 -44.4845 410.7012766463028 714.1508169731042
00013095003 6 2020-01-13T07:44:13.000 2020-01-13T07:44:55.000 2020-01-13T07:44:34.000 42.1434220045265 UVW1 118.006431855219 2.158040342868 14.0994517 1.97047809820477 27.0819 185.79862 -44.48527 409.0927731612759 712.6011401237673
00013097001 1 2020-01-13T23:13:33.000 2020-01-13T23:15:55.000 2020-01-13T23:14:44.000 140.145049896625 UVW2 118.041496416553 2.163340593107 14.3154016 1.9730961758016 27.0175 186.01624 -44.89868 367.753717552811 759.7419904161494
00013098002 1 2020-01-13T23:16:18.000 2020-01-13T23:19:38.000 2020-01-13T23:17:58.000 196.622256526928 V 118.011569678768 2.16335915774 14.3161492 1.97310050388436 27.0173 186.01665 -44.90017 436.32645503845436 738.8147108200513
00013098002 2 2020-01-13T23:19:41.000 2020-01-13T23:22:56.000 2020-01-13T23:21:18.500 191.377423620175 V 118.011569678768 2.163378345357 14.3169218 1.97310593847903 27.0171 186.01704 -44.90167 437.0916323748062 735.3487161787864
00013099003 1 2020-01-13T23:23:18.000 2020-01-13T23:26:38.000 2020-01-13T23:24:58.000 196.633122259319 UVW1 117.998064887312 2.163399352375 14.3177676 1.97311323828481 27.0167 186.01745 -44.90324 421.32183271908997 729.8528001425433
00013099003 2 2020-01-13T23:26:41.000 2020-01-13T23:30:01.000 2020-01-13T23:28:21.000 196.633102548027 UVW1 117.998064887312 2.163418781314 14.3185498 1.97312139876299 27.0162 186.01783 -44.90463 418.30608560641247 727.2644743102665
00013099003 3 2020-01-13T23:30:04.000 2020-01-13T23:33:24.000 2020-01-13T23:31:44.000 196.633122376648 UVW1 117.998064887312 2.163438211247 14.319332 1.97313099196239 27.0157 186.01824 -44.90598 418.0012151242448 721.8649794077662
00013099003 4 2020-01-13T23:33:27.000 2020-01-13T23:36:47.000 2020-01-13T23:35:07.000 196.622256409599 UVW1 117.998064887312 2.163457642173 14.3201141 1.9731420221911 27.0151 186.0187 -44.90729 417.23780848842466 717.0611783749043
00013099003 5 2020-01-13T23:36:50.000 2020-01-13T23:40:09.000 2020-01-13T23:38:29.500 196.611390559878 UVW1 117.998064887312 2.163477026231 14.3208943 1.97315439066094 27.0144 186.01921 -44.90857 414.80928269018074 712.1598808383925
00013099003 6 2020-01-13T23:40:12.000 2020-01-13T23:40:55.000 2020-01-13T23:40:33.500 42.3280237686668 UVW1 117.998064887312 2.163488896467 14.321372 1.97316258291635 27.014 186.01956 -44.90933 412.74202090556224 709.4601956161363
00013138001 1 2020-01-14T07:11:04.000 2020-01-14T07:13:56.000 2020-01-14T07:12:30.000 168.475993457766 UVM2 118.021875289321 2.166094218801 14.4256346 1.97447136784899 26.9832 186.12605 -45.10943 396.2316501184021 774.947214763393
00013139002 1 2020-01-14T07:14:20.000 2020-01-14T07:17:40.000 2020-01-14T07:16:00.000 196.622276120891 V 118.00029167339 2.166114469316 14.4264404 1.97447608749685 26.983 186.12649 -45.11104 432.3605295839396 737.2933132896578
00013139002 2 2020-01-14T07:17:43.000 2020-01-14T07:20:55.000 2020-01-14T07:19:19.000 189.45540346063 V 118.00029167339 2.166133660087 14.427204 1.97448155131294 26.9827 186.12688 -45.11252 432.9732719527775 732.711541420155
00013140003 1 2020-01-14T07:21:18.000 2020-01-14T07:24:38.000 2020-01-14T07:22:58.000 196.622295832183 UVW1 118.006106309846 2.166154780687 14.4280443 1.97448891856067 26.9823 186.12728 -45.11408 421.00054407365474 732.9417336442579
00013140003 2 2020-01-14T07:24:41.000 2020-01-14T07:28:01.000 2020-01-14T07:26:21.000 196.633141970611 UVW1 118.006106309846 2.166174359259 14.4288232 1.97449717162476 26.9819 186.12766 -45.11547 420.48748421200133 730.3342825350292
00013140003 3 2020-01-14T07:28:04.000 2020-01-14T07:31:23.000 2020-01-14T07:29:43.500 196.622276120891 UVW1 118.006106309846 2.166193890592 14.4296001 1.97450685068674 26.9813 186.12807 -45.11681 419.2933831080145 725.9600243029531
00013140003 4 2020-01-14T07:31:26.000 2020-01-14T07:34:46.000 2020-01-14T07:33:06.000 196.622276120891 UVW1 118.006106309846 2.166213422906 14.430377 1.9745179810494 26.9807 186.12852 -45.11811 418.0076059183433 723.0606117100789
00013140003 5 2020-01-14T07:34:50.000 2020-01-14T07:38:10.000 2020-01-14T07:36:30.000 196.622295832183 UVW1 118.006106309846 2.1662331009 14.4311597 1.97453059572311 26.9801 186.12903 -45.11939 415.33889777631555 718.951189993654
00013140003 6 2020-01-14T07:38:13.000 2020-01-14T07:38:55.000 2020-01-14T07:38:34.000 41.8936840412816 UVW1 118.006106309846 2.166245062525 14.4316354 1.97453889609808 26.9797 186.12937 -45.12016 415.15134345499035 714.9030557800717
00013144003 1 2020-01-14T15:23:17.000 2020-01-14T15:26:37.000 2020-01-14T15:24:57.000 196.611410153841 UVW1 118.03979223804 2.168954530315 14.5387662 1.97589700902959 26.9472 186.23711 -45.32573 241.84289286727312 830.9594924875728
00013144003 2 2020-01-14T15:26:40.000 2020-01-14T15:29:59.000 2020-01-14T15:28:19.500 196.622276120891 UVW1 118.03979223804 2.168974210446 14.5395398 1.97590706544827 26.9467 186.23752 -45.32706 231.9633542484828 825.878164099349
00013144003 3 2020-01-14T15:30:02.000 2020-01-14T15:33:22.000 2020-01-14T15:31:42.000 196.61141027117 UVW1 118.03979223804 2.168993891552 14.5403134 1.97591858811745 26.9461 186.23797 -45.32835 230.44435659381037 821.2241524659528
00013144003 4 2020-01-14T15:33:25.000 2020-01-14T15:36:45.000 2020-01-14T15:35:05.000 196.622236698307 UVW1 118.03979223804 2.169013622238 14.5410889 1.97593153443301 26.9454 186.23849 -45.32961 228.81785899009043 817.991665440957
00013144003 5 2020-01-14T15:36:48.000 2020-01-14T15:36:55.000 2020-01-14T15:36:51.500 7.40576448507719 UVW1 118.03979223804 2.169023973954 14.5414957 1.97593883874252 26.945 186.23879 -45.33027 227.43738866475303 815.7895546423327
00013163003 1 2020-01-15T05:46:06.000 2020-01-15T05:49:26.000 2020-01-15T05:47:46.000 196.622256409599 UVW1 119.01674944204 2.174019741701 14.7357823 1.97847698437556 26.884 186.43313 -45.70265 293.9511954473567 648.5086673390066
00013163003 2 2020-01-15T05:49:29.000 2020-01-15T05:52:49.000 2020-01-15T05:51:09.000 196.633141970611 UVW1 119.01674944204 2.174039737697 14.7365518 1.97848837123583 26.8834 186.43356 -45.70395 280.80987791255336 641.2240733797954
00013163003 3 2020-01-15T05:52:52.000 2020-01-15T05:56:12.000 2020-01-15T05:54:32.000 196.611410153841 UVW1 119.01674944204 2.174059734664 14.7373214 1.97850122233341 26.8827 186.43405 -45.70521 279.5815007462867 636.8616621473767
00013163003 4 2020-01-15T05:56:15.000 2020-01-15T05:57:55.000 2020-01-15T05:57:05.000 99.1527218217723 UVW1 119.01674944204 2.174074806916 14.7379013 1.97851180136163 26.8822 186.43446 -45.70614 279.5978091236075 633.3202746523434
00013165001 1 2020-01-15T15:02:10.000 2020-01-15T15:05:55.000 2020-01-15T15:04:02.500 221.391436382168 UVW1 118.999576497703 2.177321420547 14.8619898 1.98019513415407 26.8435 186.56082 -45.94447 365.67848697648003 728.8762364940516
00013166002 1 2020-01-15T15:06:19.000 2020-01-15T15:09:38.000 2020-01-15T15:07:58.500 196.622276120891 V 118.996810621094 2.177344866694 14.8628799 1.98020066076826 26.8433 186.56131 -45.94626 431.5158174269291 742.4572915070177
00013166002 2 2020-01-15T15:09:42.000 2020-01-15T15:12:55.000 2020-01-15T15:11:18.500 190.791020543934 V 118.996810621094 2.177364737357 14.8636342 1.980206426651 26.843 186.56169 -45.94771 431.44901427748226 738.8028413423028
00013167003 1 2020-01-15T15:13:18.000 2020-01-15T15:16:38.000 2020-01-15T15:14:58.000 196.61141027117 UVW1 119.000712339929 2.177386546499 14.8644621 1.98021417108789 26.8426 186.56208 -45.94925 412.43561679005467 726.7339378834461
00013167003 2 2020-01-15T15:16:41.000 2020-01-15T15:20:01.000 2020-01-15T15:18:21.000 196.633122259319 UVW1 119.000712339929 2.177406717237 14.8652276 1.98022282511591 26.8421 186.56245 -45.95062 412.16232116135376 723.8117207092996
00013167003 3 2020-01-15T15:20:04.000 2020-01-15T15:23:24.000 2020-01-15T15:21:44.000 196.622256409599 UVW1 119.000712339929 2.177426888938 14.8659932 1.98023300569908 26.8416 186.56283 -45.95195 411.78976675777 718.7066587108535
00013167003 4 2020-01-15T15:23:27.000 2020-01-15T15:26:47.000 2020-01-15T15:25:07.000 196.622256409599 UVW1 119.000712339929 2.177447061601 14.8667587 1.98024472685254 26.841 186.56326 -45.95323 410.220193323247 714.5971257101381
00013167003 5 2020-01-15T15:26:50.000 2020-01-15T15:30:10.000 2020-01-15T15:28:30.000 196.622256409599 UVW1 119.000712339929 2.17746723523 14.8675242 1.98025792662574 26.8403 186.56375 -45.95449 408.8909819332153 710.3968900921785
00013167003 6 2020-01-15T15:30:13.000 2020-01-15T15:30:55.000 2020-01-15T15:30:34.000 42.0565343946891 UVW1 119.000712339929 2.177479558515 14.8679918 1.9802666620778 26.8399 186.56408 -45.95524 406.3274288037192 709.1138782912435
00013169001 1 2020-01-15T19:51:26.000 2020-01-15T19:52:55.000 2020-01-15T19:52:10.500 87.9028582357171 UVW1 118.972108479073 2.179042639016 14.9271103 1.98108578527907 26.8221 186.62558 -46.06923 401.06171621178663 726.3864640707612
00013170002 1 2020-01-15T19:53:18.000 2020-01-15T19:56:38.000 2020-01-15T19:54:58.000 196.633102548027 V 119.00514123205 2.179059352577 14.9277404 1.98108990612577 26.822 186.62592 -46.07048 420.1584475984885 744.7562487770032
00013170002 2 2020-01-15T19:56:41.000 2020-01-15T19:59:55.000 2020-01-15T19:58:18.000 191.355672209442 V 119.00514123205 2.179079309945 14.9284928 1.98109578319365 26.8217 186.62629 -46.07194 420.61176058509847 740.604308269629
00013171003 1 2020-01-15T20:00:18.000 2020-01-15T20:03:38.000 2020-01-15T20:01:58.000 196.611390559878 UVW1 119.003054648369 2.179101264139 14.9293203 1.98110369050669 26.8213 186.62668 -46.07347 415.92907774752234 726.960038826783
00013171003 2 2020-01-15T20:03:41.000 2020-01-15T20:07:01.000 2020-01-15T20:05:21.000 196.622256409599 UVW1 119.003054648369 2.179121522876 14.9300839 1.98111249797707 26.8208 186.62705 -46.07484 414.2096155062104 724.5229522227637
00013171003 3 2020-01-15T20:07:04.000 2020-01-15T20:10:23.000 2020-01-15T20:08:43.500 196.622236698307 UVW1 119.003054648369 2.179141732671 14.9308456 1.9811228185744 26.8203 186.62743 -46.07615 413.47559736209035 720.7070340231852
00013171003 4 2020-01-15T20:10:26.000 2020-01-15T20:13:46.000 2020-01-15T20:12:06.000 196.633082954064 UVW1 119.003054648369 2.179161943421 14.9316072 1.98113468247114 26.8197 186.62786 -46.07743 412.64358935313174 715.9466671758615
00013171003 5 2020-01-15T20:13:49.000 2020-01-15T20:17:09.000 2020-01-15T20:15:29.000 196.622236698307 UVW1 119.003054648369 2.179182205034 14.9323707 1.98114805893616 26.819 186.62834 -46.07868 410.2104371363153 712.1910619636083
00013171003 6 2020-01-15T20:17:12.000 2020-01-15T20:17:55.000 2020-01-15T20:17:33.500 42.8383853734982 UVW1 119.003054648369 2.17919463197 14.932839 1.98115694039673 26.8186 186.62867 -46.07943 409.73934327281734 708.1071506506795
