Borisov
OH
 EXCITATION RATE AT 1 AU IS  2.400E-04 PHOT/MOL/S     RHELIO=  2.027 AU   DELTA =  1.943 AU
 THE DESTRUCTION LEVEL OF THE PARENT MOLECULES IS: DESTP= 99.0 %
 THE DESTRUCTION LEVEL OF THE RADICALS IS:         DESTR= 95.0
 PERMANENT FLOW REGIM : TPERM= 37.31 DAYS
  THE GAS PRODUCTION IS  7.59E+26 BETWEEN 114.00 DAYS AND  0.00 DAYS
 VPAR= 0.597 KM/S;  VDG= 1.050 KM/S; TPDISS= 101730.S;  TPTOT=  86430.S  TGTOT= 129000.S;  RCOMA=9.765E+05(KM); DIM=3.592E+06 KM
  L=15;   JMAX=150;  NF=26; DALFA=0.121 RD
 Spatial resolution near the nucleus is: 1376. km
 Collision sphere radius is: 0.97E+06 cm

  R (km) and DAUGHTER PRODUCT DENSITIES (cm**-3)

  0.69E+03  0.60E+03    0.48E+04  0.83E+02    0.89E+04  0.43E+02    0.13E+05  0.29E+02
  0.17E+05  0.21E+02    0.22E+05  0.16E+02    0.30E+05  0.11E+02    0.39E+05  0.83E+01
  0.47E+05  0.65E+01    0.55E+05  0.53E+01    0.64E+05  0.43E+01    0.76E+05  0.34E+01
  0.89E+05  0.27E+01    0.10E+06  0.23E+01    0.11E+06  0.19E+01    0.13E+06  0.16E+01
  0.15E+06  0.12E+01    0.17E+06  0.99E+00    0.19E+06  0.80E+00    0.21E+06  0.66E+00
  0.23E+06  0.54E+00    0.27E+06  0.42E+00    0.30E+06  0.32E+00    0.33E+06  0.26E+00
  0.36E+06  0.21E+00    0.40E+06  0.17E+00    0.45E+06  0.12E+00    0.50E+06  0.94E-01
  0.55E+06  0.72E-01    0.60E+06  0.56E-01    0.65E+06  0.44E-01    0.73E+06  0.31E-01
  0.80E+06  0.23E-01    0.88E+06  0.17E-01    0.95E+06  0.13E-01    0.10E+07  0.92E-02
  0.11E+07  0.63E-02    0.12E+07  0.45E-02    0.13E+07  0.32E-02    0.14E+07  0.24E-02
  0.16E+07  0.17E-02    0.17E+07  0.11E-02    0.19E+07  0.71E-03    0.21E+07  0.47E-03
  0.22E+07  0.32E-03    0.24E+07  0.21E-03    0.26E+07  0.12E-03    0.29E+07  0.73E-04
  0.31E+07  0.44E-04    0.34E+07  0.27E-04

 NUMBER OF RADICALS IN THE COMA: 0.337E+33
THEORETICAL VALUE FOR STEADY STATE IS  0.342E+33  TOTAL/THEORY IS 0.984

 CHECK ON COLUMN DENSITY CALCULATION ACCURACY : "S1/S2" should not differ from 100 by more than 
 1 unit except near the center or near the edge of the coma
 **  P(cm)   SG1(trapeziums)  SG2(Gauss)    nseg    G1      G2      G3      S1/S2
  0.109E+09     0.447E+12     0.442E+12      192   0.673   0.164   0.162    101.0
  0.194E+09     0.386E+12     0.383E+12      148   0.664   0.179   0.157    100.8
  0.345E+09     0.335E+12     0.335E+12      114   0.665   0.190   0.145     99.9
  0.613E+09     0.289E+12     0.288E+12       88   0.667   0.202   0.132    100.1
  0.109E+10     0.241E+12     0.241E+12       68   0.667   0.215   0.118    100.0
  0.194E+10     0.195E+12     0.195E+12       53   0.662   0.231   0.107    100.0
  0.345E+10     0.150E+12     0.150E+12       41   0.655   0.251   0.095     99.9
  0.613E+10     0.107E+12     0.108E+12       32   0.639   0.275   0.086     99.9
  0.109E+11     0.697E+11     0.697E+11       25   0.615   0.305   0.080     99.9
  0.194E+11     0.389E+11     0.390E+11       25   0.487   0.382   0.131     99.9
  0.345E+11     0.174E+11     0.175E+11       25   0.359   0.418   0.223     99.8
  0.613E+11     0.571E+10     0.572E+10       10   0.556   0.380   0.064     99.9
  0.109E+12     0.120E+10     0.120E+10       10   0.389   0.443   0.168     99.8
  0.194E+12     0.150E+09     0.151E+09        5   0.454   0.456   0.090     99.4
1

   P(km)       N(cm-2)     P(km)       N(cm-2)     P(km)       N(cm-2)     P(km)       N(cm-2)  

  0.688E+03   4.75E+11    7.723E+02   4.67E+11    8.666E+02   4.59E+11    9.723E+02   4.51E+11
  1.091E+03   4.42E+11    1.224E+03   4.32E+11    1.373E+03   4.27E+11    1.541E+03   4.13E+11
  1.729E+03   3.98E+11    1.940E+03   3.83E+11    2.177E+03   3.73E+11    2.442E+03   3.66E+11
  2.740E+03   3.56E+11    3.075E+03   3.46E+11    3.450E+03   3.35E+11    3.871E+03   3.26E+11
  4.343E+03   3.17E+11    4.873E+03   3.07E+11    5.468E+03   2.98E+11    6.135E+03   2.88E+11
  6.883E+03   2.79E+11    7.723E+03   2.69E+11    8.666E+03   2.60E+11    9.723E+03   2.51E+11
  1.091E+04   2.41E+11    1.224E+04   2.32E+11    1.373E+04   2.23E+11    1.541E+04   2.14E+11
  1.729E+04   2.04E+11    1.940E+04   1.95E+11    2.177E+04   1.86E+11    2.442E+04   1.77E+11
  2.740E+04   1.68E+11    3.075E+04   1.59E+11    3.450E+04   1.50E+11    3.871E+04   1.41E+11
  4.343E+04   1.33E+11    4.873E+04   1.24E+11    5.468E+04   1.16E+11    6.135E+04   1.08E+11
  6.883E+04   9.95E+10    7.723E+04   9.17E+10    8.666E+04   8.41E+10    9.723E+04   7.68E+10
  1.091E+05   6.97E+10    1.224E+05   6.29E+10    1.373E+05   5.64E+10    1.541E+05   5.03E+10
  1.729E+05   4.44E+10    1.940E+05   3.90E+10    2.177E+05   3.39E+10    2.442E+05   2.92E+10
  2.740E+05   2.49E+10    3.075E+05   2.10E+10    3.450E+05   1.75E+10    3.871E+05   1.44E+10
  4.343E+05   1.17E+10    4.873E+05   9.36E+09    5.468E+05   7.37E+09    6.135E+05   5.72E+09
  6.883E+05   4.36E+09    7.723E+05   3.26E+09    8.666E+05   2.39E+09    9.723E+05   1.71E+09
  1.091E+06   1.20E+09    1.224E+06   8.32E+08    1.373E+06   5.65E+08    1.541E+06   3.75E+08
  1.729E+06   2.42E+08    1.940E+06   1.51E+08    2.177E+06   9.10E+07    2.442E+06   5.22E+07


 Customized slit size:  57.00 by  57.00  arc sec  {perpendicular + along sun-comet line}
  SLITCENTER (km)   AVERAGE COL. DENSITY (cm-2)    BRIGHTNESS (kR)
     0.688E+03               0.167E+12                     9.746E-03
     0.972E+03               0.167E+12                     9.745E-03
     0.137E+04               0.167E+12                     9.744E-03
     0.194E+04               0.167E+12                     9.742E-03
     0.274E+04               0.167E+12                     9.738E-03
     0.387E+04               0.167E+12                     9.730E-03
     0.547E+04               0.166E+12                     9.715E-03
     0.772E+04               0.166E+12                     9.683E-03
     0.109E+05               0.165E+12                     9.621E-03
     0.154E+05               0.163E+12                     9.495E-03
     0.218E+05               0.158E+12                     9.240E-03
     0.307E+05               0.149E+12                     8.718E-03
     0.434E+05               0.131E+12                     7.657E-03
     0.613E+05               0.108E+12                     6.286E-03
     0.867E+05               0.846E+11                     4.938E-03
     0.122E+06               0.633E+11                     3.695E-03
     0.173E+06               0.446E+11                     2.607E-03
     0.244E+06               0.293E+11                     1.710E-03
     0.345E+06               0.175E+11                     1.024E-03
     0.487E+06               0.937E+10                     5.473E-04
     0.688E+06               0.437E+10                     2.550E-04
     0.972E+06               0.171E+10                     1.001E-04
     0.137E+07               0.565E+09                     3.300E-05
     0.194E+07               0.151E+09                     8.823E-06

