Borisov
OH
 EXCITATION RATE AT 1 AU IS  2.400E-04 PHOT/MOL/S     RHELIO=  2.166 AU   DELTA =  2.415 AU
 THE DESTRUCTION LEVEL OF THE PARENT MOLECULES IS: DESTP= 99.0 %
 THE DESTRUCTION LEVEL OF THE RADICALS IS:         DESTR= 95.0
 PERMANENT FLOW REGIM : TPERM= 42.60 DAYS
  THE GAS PRODUCTION IS  5.67E+26 BETWEEN  63.00 DAYS AND  0.00 DAYS
 VPAR= 0.578 KM/S;  VDG= 1.050 KM/S; TPDISS= 101730.S;  TPTOT=  86430.S  TGTOT= 129000.S;  RCOMA=1.079E+06(KM); DIM=4.030E+06 KM
  L=15;   JMAX=150;  NF=26; DALFA=0.121 RD
 Spatial resolution near the nucleus is: 1544. km
 Collision sphere radius is: 0.75E+06 cm

  R (km) and DAUGHTER PRODUCT DENSITIES (cm**-3)

  0.77E+03  0.36E+03    0.54E+04  0.51E+02    0.10E+05  0.26E+02    0.15E+05  0.18E+02
  0.19E+05  0.13E+02    0.25E+05  0.98E+01    0.34E+05  0.68E+01    0.43E+05  0.51E+01
  0.52E+05  0.40E+01    0.62E+05  0.32E+01    0.72E+05  0.26E+01    0.86E+05  0.21E+01
  0.10E+06  0.17E+01    0.11E+06  0.14E+01    0.13E+06  0.11E+01    0.14E+06  0.96E+00
  0.17E+06  0.75E+00    0.19E+06  0.60E+00    0.21E+06  0.49E+00    0.24E+06  0.40E+00
  0.26E+06  0.33E+00    0.30E+06  0.25E+00    0.34E+06  0.20E+00    0.37E+06  0.16E+00
  0.41E+06  0.12E+00    0.45E+06  0.10E+00    0.50E+06  0.74E-01    0.56E+06  0.56E-01
  0.62E+06  0.43E-01    0.67E+06  0.34E-01    0.73E+06  0.26E-01    0.82E+06  0.19E-01
  0.90E+06  0.14E-01    0.98E+06  0.10E-01    0.11E+07  0.75E-02    0.12E+07  0.55E-02
  0.13E+07  0.38E-02    0.14E+07  0.27E-02    0.15E+07  0.20E-02    0.16E+07  0.14E-02
  0.17E+07  0.10E-02    0.19E+07  0.66E-03    0.21E+07  0.43E-03    0.23E+07  0.29E-03
  0.25E+07  0.19E-03    0.27E+07  0.13E-03    0.30E+07  0.75E-04    0.32E+07  0.45E-04
  0.35E+07  0.27E-04    0.38E+07  0.17E-04

 NUMBER OF RADICALS IN THE COMA: 0.287E+33
THEORETICAL VALUE FOR STEADY STATE IS  0.292E+33  TOTAL/THEORY IS 0.984

 CHECK ON COLUMN DENSITY CALCULATION ACCURACY : "S1/S2" should not differ from 100 by more than 
 1 unit except near the center or near the edge of the coma
 **  P(cm)   SG1(trapeziums)  SG2(Gauss)    nseg    G1      G2      G3      S1/S2
  0.122E+09     0.305E+12     0.302E+12      192   0.674   0.164   0.162    101.0
  0.218E+09     0.264E+12     0.262E+12      148   0.665   0.179   0.156    100.8
  0.387E+09     0.228E+12     0.229E+12      114   0.666   0.190   0.144     99.9
  0.688E+09     0.197E+12     0.197E+12       88   0.668   0.201   0.131    100.1
  0.122E+10     0.165E+12     0.165E+12       68   0.668   0.215   0.118    100.0
  0.218E+10     0.133E+12     0.133E+12       53   0.663   0.231   0.106    100.0
  0.387E+10     0.102E+12     0.102E+12       41   0.656   0.250   0.094     99.9
  0.688E+10     0.730E+11     0.731E+11       32   0.640   0.275   0.085     99.9
  0.122E+11     0.473E+11     0.473E+11       25   0.615   0.304   0.080     99.9
  0.218E+11     0.264E+11     0.264E+11       25   0.488   0.382   0.130     99.9
  0.387E+11     0.118E+11     0.118E+11       25   0.359   0.418   0.223     99.8
  0.688E+11     0.386E+10     0.386E+10       10   0.556   0.380   0.065     99.9
  0.122E+12     0.814E+09     0.816E+09       10   0.387   0.443   0.170     99.8
  0.218E+12     0.103E+09     0.104E+09        5   0.453   0.456   0.091     99.4
1

   P(km)       N(cm-2)     P(km)       N(cm-2)     P(km)       N(cm-2)     P(km)       N(cm-2)  

  0.772E+03   3.24E+11    8.663E+02   3.19E+11    9.720E+02   3.13E+11    1.091E+03   3.08E+11
  1.224E+03   3.02E+11    1.373E+03   2.95E+11    1.541E+03   2.92E+11    1.729E+03   2.82E+11
  1.939E+03   2.72E+11    2.176E+03   2.62E+11    2.442E+03   2.54E+11    2.740E+03   2.50E+11
  3.074E+03   2.43E+11    3.449E+03   2.36E+11    3.870E+03   2.29E+11    4.342E+03   2.22E+11
  4.872E+03   2.16E+11    5.466E+03   2.10E+11    6.133E+03   2.03E+11    6.881E+03   1.97E+11
  7.721E+03   1.90E+11    8.663E+03   1.84E+11    9.720E+03   1.78E+11    1.091E+04   1.71E+11
  1.224E+04   1.65E+11    1.373E+04   1.58E+11    1.541E+04   1.52E+11    1.729E+04   1.46E+11
  1.939E+04   1.39E+11    2.176E+04   1.33E+11    2.442E+04   1.27E+11    2.740E+04   1.20E+11
  3.074E+04   1.14E+11    3.449E+04   1.08E+11    3.870E+04   1.02E+11    4.342E+04   9.61E+10
  4.872E+04   9.02E+10    5.466E+04   8.44E+10    6.133E+04   7.87E+10    6.882E+04   7.31E+10
  7.721E+04   6.77E+10    8.663E+04   6.23E+10    9.720E+04   5.72E+10    1.091E+05   5.22E+10
  1.224E+05   4.73E+10    1.373E+05   4.27E+10    1.541E+05   3.83E+10    1.729E+05   3.41E+10
  1.939E+05   3.01E+10    2.176E+05   2.64E+10    2.442E+05   2.29E+10    2.740E+05   1.97E+10
  3.074E+05   1.68E+10    3.449E+05   1.42E+10    3.870E+05   1.18E+10    4.342E+05   9.73E+09
  4.872E+05   7.90E+09    5.466E+05   6.32E+09    6.133E+05   4.98E+09    6.881E+05   3.86E+09
  7.721E+05   2.95E+09    8.663E+05   2.21E+09    9.720E+05   1.62E+09    1.091E+06   1.16E+09
  1.224E+06   8.16E+08    1.373E+06   5.66E+08    1.541E+06   3.85E+08    1.729E+06   2.56E+08
  1.939E+06   1.66E+08    2.176E+06   1.04E+08    2.442E+06   6.25E+07    2.740E+06   3.60E+07


 Customized slit size:  50.00 by  50.00  arc sec  {perpendicular + along sun-comet line}
  SLITCENTER (km)   AVERAGE COL. DENSITY (cm-2)    BRIGHTNESS (kR)
     0.772E+03               0.115E+12                     5.891E-03
     0.109E+04               0.115E+12                     5.890E-03
     0.154E+04               0.115E+12                     5.890E-03
     0.218E+04               0.115E+12                     5.889E-03
     0.307E+04               0.115E+12                     5.886E-03
     0.434E+04               0.115E+12                     5.881E-03
     0.613E+04               0.115E+12                     5.871E-03
     0.866E+04               0.114E+12                     5.851E-03
     0.122E+05               0.114E+12                     5.812E-03
     0.173E+05               0.112E+12                     5.731E-03
     0.244E+05               0.109E+12                     5.569E-03
     0.345E+05               0.102E+12                     5.237E-03
     0.487E+05               0.894E+11                     4.571E-03
     0.688E+05               0.732E+11                     3.746E-03
     0.972E+05               0.574E+11                     2.939E-03
     0.137E+06               0.429E+11                     2.196E-03
     0.194E+06               0.303E+11                     1.548E-03
     0.274E+06               0.198E+11                     1.014E-03
     0.387E+06               0.119E+11                     6.062E-04
     0.547E+06               0.633E+10                     3.239E-04
     0.772E+06               0.295E+10                     1.509E-04
     0.109E+07               0.116E+10                     5.933E-05
     0.154E+07               0.385E+09                     1.971E-05
     0.218E+07               0.104E+09                     5.300E-06

