OBS_ID EXTENSION START END MIDTIME EXP_TIME FILTER PA HELIO HELIO_V OBS_DIS PHASE RA DEC PX PY
00012120001 1 2019-11-01T14:07:07.000 2019-11-01T14:08:55.000 2019-11-01T14:08:01.000 106.64531490014 U 110.041198113345 2.168084917007 -14.5044114 2.41944659700535 24.2051 156.02763 7.50328 377.8979391943947 836.8715803602684
00012122001 1 2019-11-01T14:16:18.000 2019-11-01T14:19:38.000 2019-11-01T14:17:58.000 196.633082954064 UVW1 110.008696086785 2.16802703242 -14.502127 2.41931409571062 24.2062 156.03019 7.49914 446.37348055452617 797.2460294239028
00012122001 2 2019-11-01T14:19:41.000 2019-11-01T14:23:01.000 2019-11-01T14:21:21.000 196.633082954064 UVW1 110.008696086785 2.168007351971 -14.5013502 2.41927259089903 24.2064 156.03102 7.49769 444.94938806527796 790.4050176227305
00012122001 3 2019-11-01T14:23:04.000 2019-11-01T14:26:24.000 2019-11-01T14:24:44.000 196.622216987015 UVW1 110.008696086785 2.167987672678 -14.5005734 2.41923321617206 24.2066 156.03184 7.49622 442.53851750120737 785.2628117270708
00012122001 4 2019-11-01T14:26:27.000 2019-11-01T14:29:46.000 2019-11-01T14:28:06.500 196.622236815636 UVW1 110.008696086785 2.167968043012 -14.4997985 2.41919610964309 24.2067 156.03266 7.49474 439.7397353547562 779.99063455579
00012122001 5 2019-11-01T14:29:49.000 2019-11-01T14:33:09.000 2019-11-01T14:31:29.000 196.633102548027 UVW1 110.008696086785 2.167948414498 -14.4990235 2.41916111390857 24.2068 156.0335 7.49325 436.4747312056885 775.1299118848109
00012122001 6 2019-11-01T14:33:12.000 2019-11-01T14:33:55.000 2019-11-01T14:33:33.500 42.6103593984021 UVW1 110.008696086785 2.167936347164 -14.498547 2.41914057996867 24.2069 156.03403 7.49233 434.26140922909855 771.368202719171
00012124001 1 2019-11-01T15:43:44.000 2019-11-01T15:44:55.000 2019-11-01T15:44:19.500 70.485172398841 U 109.931887361172 2.167525030924 -14.4822923 2.41835138201789 24.2169 156.05758 7.46348 198.80377240694895 1023.5811068530326
00012125001 1 2019-11-01T15:45:19.000 2019-11-01T15:48:39.000 2019-11-01T15:46:59.000 196.730836413622 V 110.022301091287 2.16750958859 -14.4816815 2.41831493459403 24.2172 156.05828 7.46239 467.959516097584 791.7528080501187
00012125001 2 2019-11-01T15:48:42.000 2019-11-01T15:51:55.000 2019-11-01T15:50:18.500 190.714998783817 V 110.022301091287 2.167490274547 -14.4809175 2.41827059526967 24.2176 156.05913 7.461 464.90156208733754 786.0299545321591
00012126001 1 2019-11-01T15:52:18.000 2019-11-01T15:55:38.000 2019-11-01T15:53:58.000 196.622217104344 UVW1 109.999087752916 2.16746902553 -14.4800768 2.41822375962604 24.2179 156.06004 7.45946 445.3675103282006 797.5892025164826
00012126001 2 2019-11-01T15:55:41.000 2019-11-01T15:59:01.000 2019-11-01T15:57:21.000 196.73081670233 UVW1 109.999087752916 2.167449375018 -14.4792994 2.41818252066221 24.2182 156.06087 7.458 443.4165730553434 789.5128000499451
00012126001 3 2019-11-01T15:59:04.000 2019-11-01T16:02:23.000 2019-11-01T16:00:43.500 196.622236698307 UVW1 109.999087752916 2.167429774061 -14.4785238 2.41814351852529 24.2184 156.06168 7.45653 440.32160210389117 784.8800625568904
00012126001 4 2019-11-01T16:02:26.000 2019-11-01T16:05:46.000 2019-11-01T16:04:06.000 196.622217104344 UVW1 109.999087752916 2.167410174258 -14.4777482 2.41810668604768 24.2185 156.06251 7.45505 436.79007914003415 779.56138945781
00012126001 5 2019-11-01T16:05:49.000 2019-11-01T16:09:09.000 2019-11-01T16:07:29.000 196.633082954064 UVW1 109.999087752916 2.167390527217 -14.4769707 2.41807187036293 24.2186 156.06335 7.45356 434.863787905209 774.7213548299907
00012126001 6 2019-11-01T16:09:12.000 2019-11-01T16:09:55.000 2019-11-01T16:09:33.500 42.6212056541596 UVW1 109.999087752916 2.167378478246 -14.4764938 2.41805149088423 24.2187 156.06388 7.45264 431.9928690007418 771.8465090325369
00012128001 1 2019-11-01T17:17:41.000 2019-11-01T17:19:55.000 2019-11-01T17:18:48.000 132.000878237658 U 109.97422800529 2.166976633728 -14.4605758 2.4172825946663 24.2285 156.08702 7.4244 416.0961438978027 715.4984517525235
00012129001 1 2019-11-01T17:20:19.000 2019-11-01T17:23:39.000 2019-11-01T17:21:59.000 196.611370848586 V 110.009008987687 2.166958169448 -14.4598437 2.41723868035977 24.2289 156.08787 7.4231 472.4521787170736 824.5236182516962
00012129001 2 2019-11-01T17:23:42.000 2019-11-01T17:26:55.000 2019-11-01T17:25:18.500 190.367507243685 V 110.009008987687 2.166938884519 -14.4590791 2.4171940881404 24.2293 156.08873 7.42171 468.9818208992731 818.8502722012367
00012130001 1 2019-11-01T17:27:18.000 2019-11-01T17:30:38.000 2019-11-01T17:28:58.000 196.622217104344 UVW1 110.013347405128 2.166917667533 -14.4582377 2.41714691571179 24.2296 156.08964 7.42017 447.98828593852625 789.6501014522594
00012130001 2 2019-11-01T17:30:41.000 2019-11-01T17:34:01.000 2019-11-01T17:32:21.000 196.622217104344 UVW1 110.013347405128 2.166898046642 -14.4574596 2.41710532858708 24.2299 156.09047 7.41872 445.17712699054255 784.3600806957558
00012130001 3 2019-11-01T17:34:04.000 2019-11-01T17:37:23.000 2019-11-01T17:35:43.500 196.622236698307 UVW1 110.013347405128 2.166878475234 -14.4566834 2.41706596311331 24.2301 156.09129 7.41725 442.87589723314306 779.1758125881406
00012130001 4 2019-11-01T17:37:26.000 2019-11-01T17:40:46.000 2019-11-01T17:39:06.000 196.622217104344 UVW1 110.013347405128 2.166858904981 -14.4559071 2.41702877074703 24.2302 156.09211 7.41577 439.6438905139512 773.9864927288194
00012130001 5 2019-11-01T17:40:49.000 2019-11-01T17:44:09.000 2019-11-01T17:42:29.000 196.622216987015 UVW1 110.013347405128 2.166839287564 -14.4551289 2.41699361719587 24.2303 156.09295 7.41427 436.9234971088259 769.1242689753878
00012130001 6 2019-11-01T17:44:12.000 2019-11-01T17:44:55.000 2019-11-01T17:44:33.500 42.6538033206499 UVW1 110.013347405128 2.166827256763 -14.4546517 2.41697304986451 24.2304 156.09348 7.41335 435.02276974079746 766.3427173135746
00012132001 1 2019-11-01T18:54:07.000 2019-11-01T18:55:55.000 2019-11-01T18:55:01.000 106.2978430713 U 109.977905269413 2.166418972749 -14.4384402 2.41619053937521 24.2403 156.11693 7.38458 441.894371628772 683.738265263532
00012133001 1 2019-11-01T18:56:21.000 2019-11-01T18:59:40.000 2019-11-01T18:58:00.500 196.622216987015 V 109.998126345516 2.166401646738 -14.4377516 2.41614944706173 24.2407 156.11773 7.38335 458.5458202065173 839.3835592774203
00012133001 2 2019-11-01T18:59:43.000 2019-11-01T19:02:55.000 2019-11-01T19:01:19.000 189.17302852564 V 109.998126345516 2.1663824878 -14.4369901 2.41610528316626 24.2411 156.11858 7.38197 456.2806425024217 833.3474499933543
00012134001 1 2019-11-01T19:03:18.000 2019-11-01T19:06:38.000 2019-11-01T19:04:58.000 196.622216987015 UVW1 110.001422066899 2.166361351496 -14.43615 2.41605847821026 24.2414 156.11949 7.38042 447.1132106541275 789.0683863929465
00012134001 2 2019-11-01T19:06:41.000 2019-11-01T19:10:01.000 2019-11-01T19:08:21.000 196.622197275723 UVW1 110.001422066899 2.166341760594 -14.4353712 2.41601715646149 24.2416 156.12031 7.37897 445.55424200434226 782.2214662348243
00012134001 3 2019-11-01T19:10:04.000 2019-11-01T19:13:24.000 2019-11-01T19:11:44.000 196.633082954064 UVW1 110.001422066899 2.166322170853 -14.4345924 2.41597797580305 24.2418 156.12113 7.3775 442.1656612673959 777.0549932581287
00012134001 4 2019-11-01T19:13:27.000 2019-11-01T19:16:47.000 2019-11-01T19:15:07.000 196.622217104344 UVW1 110.001422066899 2.166302582274 -14.4338135 2.41594098083473 24.242 156.12196 7.37601 440.1811227640658 771.5898403936882
00012134001 5 2019-11-01T19:16:49.000 2019-11-01T19:20:09.000 2019-11-01T19:18:29.000 196.622197275723 UVW1 110.001422066899 2.16628309134 -14.4330385 2.41590627516142 24.2421 156.1228 7.37452 437.59401332254146 766.3890285944847
00012134001 6 2019-11-01T19:20:12.000 2019-11-01T19:20:55.000 2019-11-01T19:20:33.500 42.6537637807368 UVW1 110.001422066899 2.166271078933 -14.4325608 2.41588586380103 24.2421 156.12333 7.3736 435.2153972032785 763.3126861501928
00012136001 1 2019-11-01T20:28:40.000 2019-11-01T20:30:56.000 2019-11-01T20:29:48.000 133.401651114029 U 110.044030420793 2.165870455088 -14.4166157 2.41511939087186 24.2519 156.14645 7.34532 321.9613044875182 762.7014946225831
00012140001 1 2019-11-01T22:04:28.000 2019-11-01T22:06:56.000 2019-11-01T22:05:42.000 145.118412906034 U 110.018743057913 2.165316319925 -14.3945155 2.41403364842717 24.2636 156.17627 7.30557 348.0143736808542 836.8994435270304
00012141001 1 2019-11-01T22:07:19.000 2019-11-01T22:10:39.000 2019-11-01T22:08:59.000 196.633063242772 V 109.988124507174 2.165297362639 -14.3937585 2.41398846305936 24.2641 156.17716 7.30422 475.22863940460536 798.0678219408537
00012141001 2 2019-11-01T22:10:42.000 2019-11-01T22:13:55.000 2019-11-01T22:12:18.500 190.345755832953 V 109.988124507174 2.165278165858 -14.3929918 2.41394401659096 24.2645 156.17801 7.30283 473.94519292529145 791.7170947572822
00012142001 1 2019-11-01T22:14:18.000 2019-11-01T22:17:38.000 2019-11-01T22:15:58.000 196.622216987015 UVW1 110.003064432205 2.16525704586 -14.3921483 2.41389702527498 24.2648 156.17892 7.30128 437.47369104794774 797.6506615149705
00012142001 2 2019-11-01T22:17:41.000 2019-11-01T22:21:01.000 2019-11-01T22:19:21.000 196.622197393052 UVW1 110.003064432205 2.16523751467 -14.3913682 2.41385562159854 24.265 156.17975 7.29982 435.12978605158526 791.8353531340799
00012142001 3 2019-11-01T22:21:04.000 2019-11-01T22:24:24.000 2019-11-01T22:22:44.000 196.62217768176 UVW1 110.003064432205 2.165217984642 -14.3905881 2.41381635630324 24.2652 156.18057 7.29835 432.56104558673474 786.1980171649709
00012142001 4 2019-11-01T22:24:26.000 2019-11-01T22:26:35.000 2019-11-01T22:25:30.500 126.408514485518 UVW1 110.003064432205 2.16520196704 -14.3899482 2.41378578721541 24.2654 156.18124 7.29713 430.3740374734998 781.4679579751863
00012144001 1 2019-11-01T23:40:32.000 2019-11-01T23:42:56.000 2019-11-01T23:41:44.000 141.057192984935 U 109.963841152222 2.16476226662 -14.3723656 2.41294702472995 24.2754 156.20613 7.26574 390.4647316941927 734.5918230812623
00012148001 1 2019-11-02T01:17:38.000 2019-11-02T01:18:55.000 2019-11-02T01:18:16.500 76.2295205373389 UVW2 110.017627056943 2.164206140902 -14.3500795 2.41185436455833 24.2872 156.23612 7.22567 423.3136602201881 852.3536535666481
00012149001 1 2019-11-02T01:19:18.000 2019-11-02T01:22:38.000 2019-11-02T01:20:58.000 196.622236698307 V 110.003972580262 2.164190647697 -14.3494578 2.41181766427056 24.2876 156.23683 7.22455 462.7640679218611 798.0816580890587
00012149001 2 2019-11-02T01:22:41.000 2019-11-02T01:25:55.000 2019-11-02T01:24:18.000 191.605390461395 V 110.003972580262 2.164171462058 -14.348688 2.41177350881322 24.2879 156.23769 7.22315 460.8982656025038 791.8919917223747
00012150001 1 2019-11-02T01:26:19.000 2019-11-02T01:29:39.000 2019-11-02T01:27:59.000 196.633082954064 UVW1 110.004161942547 2.164150263219 -14.3478372 2.4117267287814 24.2882 156.2386 7.22158 443.1818094840771 797.9534675672269
00012150001 2 2019-11-02T01:29:42.000 2019-11-02T01:33:01.000 2019-11-02T01:31:21.500 196.622216987015 UVW1 110.004161942547 2.164130840149 -14.3470577 2.41168597110623 24.2885 156.23942 7.22012 441.94473966659945 791.1421047308556
00012150001 3 2019-11-02T01:33:04.000 2019-11-02T01:36:24.000 2019-11-02T01:34:44.000 196.633063242772 UVW1 110.004161942547 2.164111418237 -14.3462782 2.41164736689965 24.2887 156.24023 7.21864 438.7008869340647 785.4548088889724
00012150001 4 2019-11-02T01:36:27.000 2019-11-02T01:37:46.000 2019-11-02T01:37:06.500 77.4565773279118 UVW1 110.004161942547 2.16409775166 -14.3457296 2.41162151098527 24.2888 156.24081 7.2176 436.7120778324416 781.4835867210713
