OBS_ID EXTENSION START.[UT] END.[UT] MIDTIME EXP_TIME.[s] FILTER HELIO.[AU] HELIOV.[km/s] RANGE.[AU] PHASE[deg] MODCOR gOH[ph/s/molec] PHASECOR[0deg] Z[molec/cm2/s] Group
00011788001 1 2019-09-27T03:06:26 2019-09-27T03:10:55 2458753.6310243057 264.93561 UVW2 117.12049 10.435979 2.5587374 -42.208344 0 4.4854118e-08 -65.483454 -4.0618174        0.0000000
00011789001 1 2019-09-27T03:11:18 2019-09-27T03:14:38 2458753.6340046301 196.61137 V 117.12148 10.435077 2.5586969 -40.533820 0 4.4847611e-08 -57.542373 -4.0618610        0.0000000
00011789001 2 2019-09-27T03:14:41 2019-09-27T03:17:55 2458753.6363194450 191.52941 V 117.12225 10.434377 2.5586654 -39.022973 0 4.4842557e-08 -50.927317 -4.0618949        0.0000000
00011790001 1 2019-09-27T03:18:19 2019-09-27T03:21:39 2458753.6388773154 196.62222 UVW1 117.12310 10.433604 2.5586306 -37.353486 0 4.4836975e-08 -44.200092 -4.0619324        0.0000000
00011790001 2 2019-09-27T03:21:42 2019-09-27T03:25:02 2458753.6412268523 196.62224 UVW1 117.12387 10.432893 2.5585987 -35.769746 0 4.4831851e-08 -38.360518 -4.0619667        0.0000000
00011790001 3 2019-09-27T03:25:05 2019-09-27T03:28:25 2458753.6435763892 196.62224 UVW1 117.12465 10.432183 2.5585667 -34.185757 0 4.4826728e-08 -33.025221 -4.0620010        0.0000000
00011790001 4 2019-09-27T03:28:28 2019-09-27T03:31:47 2458753.6459201393 196.62226 UVW1 117.12543 10.431474 2.5585349 -32.628089 0 4.4821619e-08 -28.249591 -4.0620352        0.0000000
00011790001 5 2019-09-27T03:31:50 2019-09-27T03:35:10 2458753.6482638894 196.60050 UVW1 117.12620 10.430765 2.5585030 -31.653302 0 4.4816509e-08 -25.489076 -4.0620695        0.0000000
00011790001 6 2019-09-27T03:35:13 2019-09-27T03:35:55 2458753.6496990747 41.372417 UVW1 117.12668 10.430331 2.5584835 -31.056395 0 4.4813381e-08 -23.882606 -4.0620905        0.0000000
00011792001 1 2019-09-27T04:38:35 2019-09-27T04:40:55 2458753.6942708339 138.25561 UVW2 117.14124 10.416852 2.5578778 -43.634549 0 4.4716646e-08 -72.771304 -4.0627334        0.0000000
00011793001 1 2019-09-27T04:41:19 2019-09-27T04:44:39 2458753.6965162046 196.62224 V 117.14198 10.416173 2.5578472 -42.545906 0 4.4711777e-08 -67.164116 -4.0627662        0.0000000
00011793001 2 2019-09-27T04:44:42 2019-09-27T04:47:55 2458753.6988252318 190.25891 V 117.14275 10.415475 2.5578158 -41.355044 0 4.4706772e-08 -61.355267 -4.0628001        0.0000000
00011794001 1 2019-09-27T04:48:18 2019-09-27T04:51:38 2458753.7013657410 196.62222 UVW1 117.14359 10.414707 2.5577813 -40.044798 0 4.4701266e-08 -55.345177 -4.0628373        0.0000000
00011794001 2 2019-09-27T04:51:41 2019-09-27T04:55:01 2458753.7037152788 196.62224 UVW1 117.14437 10.413996 2.5577494 -38.406433 0 4.4696177e-08 -48.373045 -4.0628716        0.0000000
00011794001 3 2019-09-27T04:55:04 2019-09-27T04:58:23 2458753.7060590284 196.57879 UVW1 117.14514 10.413287 2.5577176 -36.767869 0 4.4691102e-08 -41.980537 -4.0629058        0.0000000
00011794001 4 2019-09-27T04:58:26 2019-09-27T05:01:46 2458753.7084027780 196.62224 UVW1 117.14592 10.412579 2.5576859 -35.136791 0 4.4686028e-08 -36.169200 -4.0629400        0.0000000
00011794001 5 2019-09-27T05:01:49 2019-09-27T05:05:09 2458753.7107523154 196.62222 UVW1 117.14670 10.411868 2.5576539 -33.747421 0 4.4680941e-08 -31.635039 -4.0629744        0.0000000
00011794001 6 2019-09-27T05:05:12 2019-09-27T05:05:55 2458753.7121932879 42.773229 UVW1 117.14718 10.411432 2.5576343 -32.895320 0 4.4677822e-08 -29.036628 -4.0629955        0.0000000
00011796001 1 2019-09-27T06:19:06 2019-09-27T06:20:55 2458753.7638946762 107.40545 UVW2 117.16410 10.395798 2.5569319 -42.306206 0 4.4566415e-08 -65.967898 -4.0637428        0.0000000
00011797001 1 2019-09-27T06:21:19 2019-09-27T06:24:38 2458753.7659548614 196.60050 V 117.16478 10.395175 2.5569040 -41.008105 0 4.4561984e-08 -59.725474 -4.0637729        0.0000000
00011797001 2 2019-09-27T06:24:42 2019-09-27T06:27:56 2458753.7682754635 190.80185 V 117.16555 10.394473 2.5568725 -39.545918 0 4.4556994e-08 -53.159234 -4.0638067        0.0000000
00011798001 1 2019-09-27T06:28:18 2019-09-27T06:31:38 2458753.7708101859 196.62222 UVW1 117.16639 10.393707 2.5568381 -37.948816 0 4.4551545e-08 -46.530388 -4.0638438        0.0000000
00011798001 2 2019-09-27T06:31:41 2019-09-27T06:35:01 2458753.7731597228 196.62224 UVW1 117.16717 10.392996 2.5568062 -36.334089 0 4.4546493e-08 -40.382283 -4.0638782        0.0000000
00011798001 3 2019-09-27T06:35:04 2019-09-27T06:38:23 2458753.7755034729 196.63308 UVW1 117.16795 10.392287 2.5567743 -34.722005 0 4.4541456e-08 -34.776266 -4.0639125        0.0000000
00011798001 4 2019-09-27T06:38:26 2019-09-27T06:41:46 2458753.7778472230 196.63310 UVW1 117.16872 10.391579 2.5567424 -33.125748 0 4.4536419e-08 -29.725891 -4.0639468        0.0000000
00011798001 5 2019-09-27T06:41:49 2019-09-27T06:45:09 2458753.7801967598 196.63308 UVW1 117.16950 10.390868 2.5567106 -32.045116 0 4.4531374e-08 -26.578017 -4.0639811        0.0000000
00011798001 6 2019-09-27T06:45:12 2019-09-27T06:45:55 2458753.7816377319 42.957812 UVW1 117.16998 10.390432 2.5566910 -31.382364 0 4.4528280e-08 -24.752097 -4.0640022        0.0000000
00011800001 1 2019-09-27T07:53:35 2019-09-27T07:55:55 2458753.8296875004 137.81038 UVW2 117.18569 10.375902 2.5560387 -42.297518 0 4.4425536e-08 -65.924798 -4.0646960        0.0000000
00011801001 1 2019-09-27T07:56:18 2019-09-27T07:59:38 2458753.8319212971 196.63308 V 117.18643 10.375227 2.5560084 -41.234433 0 4.4420766e-08 -60.785513 -4.0647286        0.0000000
00011801001 2 2019-09-27T07:59:41 2019-09-27T08:02:55 2458753.8342361115 191.22536 V 117.18720 10.374527 2.5559770 -39.937548 0 4.4415825e-08 -54.870530 -4.0647624        0.0000000
00011802001 1 2019-09-27T08:03:18 2019-09-27T08:06:38 2458753.8367824079 196.62222 UVW1 117.18804 10.373757 2.5559425 -38.175059 0 4.4410389e-08 -47.435762 -4.0647997        0.0000000
00011802001 2 2019-09-27T08:06:41 2019-09-27T08:10:01 2458753.8391319448 196.63308 UVW1 117.18882 10.373046 2.5559106 -36.548762 0 4.4405375e-08 -41.168402 -4.0648341        0.0000000
00011802001 3 2019-09-27T08:10:04 2019-09-27T08:13:24 2458753.8414814817 196.62224 UVW1 117.18960 10.372336 2.5558787 -35.009469 0 4.4400363e-08 -35.738026 -4.0648685        0.0000000
00011802001 4 2019-09-27T08:13:27 2019-09-27T08:16:46 2458753.8438252322 196.61137 UVW1 117.19037 10.371627 2.5558469 -33.556584 0 4.4395366e-08 -31.041233 -4.0649027        0.0000000
00011802001 5 2019-09-27T08:16:49 2019-09-27T08:20:09 2458753.8461689819 196.62224 UVW1 117.19115 10.370918 2.5558150 -32.103699 0 4.4390370e-08 -26.743204 -4.0649369        0.0000000
00011802001 6 2019-09-27T08:20:12 2019-09-27T08:20:55 2458753.8476099540 42.805807 UVW1 117.19163 10.370477 2.5557954 -31.338061 0 4.4387264e-08 -24.632826 -4.0649580        0.0000000
00011804001 1 2019-09-27T09:26:18 2019-09-27T09:27:55 2458753.8938252321 95.504090 UVW2 117.20683 10.356407 2.5551684 -43.223138 0 4.4288512e-08 -70.618455 -4.0656293        0.0000000
00011805001 1 2019-09-27T09:28:19 2019-09-27T09:31:39 2458753.8958217595 196.62222 V 117.20749 10.355803 2.5551414 -42.709805 0 4.4284280e-08 -67.989968 -4.0656585        0.0000000
00011805001 2 2019-09-27T09:31:42 2019-09-27T09:34:55 2458753.8981307875 190.37837 V 117.20823 10.355105 2.5551101 -41.320611 0 4.4279411e-08 -61.192263 -4.0656909        0.0000000
00011806001 1 2019-09-27T09:35:18 2019-09-27T09:38:38 2458753.9006712968 196.62224 UVW1 117.20903 10.354337 2.5550756 -39.787741 0 4.4274054e-08 -54.211866 -4.0657265        0.0000000
00011806001 2 2019-09-27T09:38:41 2019-09-27T09:42:00 2458753.9030150468 196.61137 UVW1 117.20978 10.353628 2.5550438 -38.351362 0 4.4269111e-08 -48.148908 -4.0657595        0.0000000
00011806001 3 2019-09-27T09:42:03 2019-09-27T09:45:23 2458753.9053587969 196.62222 UVW1 117.21056 10.352919 2.5550120 -36.717646 0 4.4264149e-08 -41.793506 -4.0657937        0.0000000
00011806001 4 2019-09-27T09:45:26 2019-09-27T09:48:46 2458753.9077083338 196.62222 UVW1 117.21133 10.352209 2.5549802 -35.079898 0 4.4259176e-08 -35.976136 -4.0658280        0.0000000
00011806001 5 2019-09-27T09:48:49 2019-09-27T09:52:09 2458753.9100578707 196.63308 UVW1 117.21211 10.351498 2.5549483 -33.507938 0 4.4254204e-08 -30.890971 -4.0658623        0.0000000
00011806001 6 2019-09-27T09:52:12 2019-09-27T09:52:55 2458753.9114988428 42.784095 UVW1 117.21259 10.351062 2.5549288 -32.785947 0 4.4251154e-08 -28.712917 -4.0658834        0.0000000
00011808001 1 2019-09-27T11:01:07 2019-09-27T11:02:55 2458753.9597337968 106.31957 UVW2 117.22846 10.336476 2.5542746 -43.469170 0 4.4149451e-08 -71.900929 -4.0665843        0.0000000
00011809001 1 2019-09-27T11:03:19 2019-09-27T11:06:38 2458753.9617881952 196.60052 V 117.22914 10.335855 2.5542468 -42.579764 0 4.4145127e-08 -67.334193 -4.0666144        0.0000000
00011809001 2 2019-09-27T11:06:41 2019-09-27T11:09:56 2458753.9641030096 191.10589 V 117.22991 10.335155 2.5542154 -41.577617 0 4.4140257e-08 -62.415570 -4.0666483        0.0000000
00011810001 1 2019-09-27T11:10:19 2019-09-27T11:13:39 2458753.9666550932 196.62224 UVW1 117.23076 10.334383 2.5541808 -40.131431 0 4.4134890e-08 -55.730475 -4.0666856        0.0000000
00011810001 2 2019-09-27T11:13:42 2019-09-27T11:17:01 2458753.9689988429 196.62222 UVW1 117.23153 10.333675 2.5541490 -38.535944 0 4.4129964e-08 -48.902734 -4.0667198        0.0000000
00011810001 3 2019-09-27T11:17:05 2019-09-27T11:20:24 2458753.9713483802 196.63308 UVW1 117.23231 10.332964 2.5541171 -36.936516 0 4.4125027e-08 -42.612400 -4.0667541        0.0000000
00011810001 4 2019-09-27T11:20:27 2019-09-27T11:23:47 2458753.9736921303 196.61137 UVW1 117.23309 10.332234 2.5540853 -35.394305 0 4.4119972e-08 -37.051083 -4.0667884        0.0000000
00011810001 5 2019-09-27T11:23:50 2019-09-27T11:27:10 2458753.9760416672 196.62222 UVW1 117.23386 10.331490 2.5540535 -33.880037 0 4.4114828e-08 -32.051757 -4.0668228        0.0000000
00011810001 6 2019-09-27T11:27:13 2019-09-27T11:27:56 2458753.9774826393 41.926242 UVW1 117.23434 10.331033 2.5540339 -32.951336 0 4.4111674e-08 -29.203277 -4.0668439        0.0000000
00011812001 1 2019-09-27T12:36:33 2019-09-27T12:38:55 2458754.0262037041 140.51425 UVW2 117.25038 10.316276 2.5533735 -43.387191 0 4.4009577e-08 -71.471958 -4.0675519        0.0000000
00011813001 1 2019-09-27T12:39:19 2019-09-27T12:42:39 2458754.0284606488 196.63310 V 117.25112 10.315593 2.5533429 -42.675550 0 4.4004872e-08 -67.816833 -4.0675845        0.0000000
00011813001 2 2019-09-27T12:42:42 2019-09-27T12:45:55 2458754.0307696769 190.60640 V 117.25185 10.314895 2.5533116 -41.353179 0 4.4000078e-08 -61.346431 -4.0676167        0.0000000
00011814001 1 2019-09-27T12:46:18 2019-09-27T12:49:38 2458754.0333101861 196.63310 UVW1 117.25265 10.314127 2.5532773 -39.898240 0 4.3994805e-08 -54.697215 -4.0676522        0.0000000
00011814001 2 2019-09-27T12:49:41 2019-09-27T12:53:01 2458754.0356597230 196.61135 UVW1 117.25341 10.313416 2.5532455 -38.431646 0 4.3989918e-08 -48.475880 -4.0676857        0.0000000
00011814001 3 2019-09-27T12:53:04 2019-09-27T12:56:24 2458754.0380092598 196.62224 UVW1 117.25419 10.312706 2.5532136 -36.782769 0 4.3985017e-08 -42.036125 -4.0677201        0.0000000
00011814001 4 2019-09-27T12:56:27 2019-09-27T12:59:46 2458754.0403530099 196.62226 UVW1 117.25497 10.311997 2.5531818 -35.137954 0 4.3980129e-08 -36.173154 -4.0677544        0.0000000
00011814001 5 2019-09-27T12:59:49 2019-09-27T13:03:09 2458754.0426967600 196.63308 UVW1 117.25574 10.311288 2.5531500 -33.660855 0 4.3975243e-08 -31.364827 -4.0677887        0.0000000
00011814001 6 2019-09-27T13:03:13 2019-09-27T13:03:55 2458754.0441435194 42.121710 UVW1 117.25622 10.310851 2.5531304 -32.881093 0 4.3972229e-08 -28.994397 -4.0678098        0.0000000
00011816001 1 2019-09-27T14:12:09 2019-09-27T14:13:55 2458754.0923842597 104.32153 UVW2 117.27210 10.296163 2.5524769 -43.421833 0 4.3871453e-08 -71.653028 -4.0685108        0.0000000
00011817001 1 2019-09-27T14:14:19 2019-09-27T14:17:38 2458754.0944270836 196.61137 V 117.27277 10.295545 2.5524492 -42.631112 0 4.3867221e-08 -67.592646 -4.0685406        0.0000000
00011817001 2 2019-09-27T14:17:42 2019-09-27T14:20:55 2458754.0967418989 190.28064 V 117.27354 10.294845 2.5524178 -41.735110 0 4.3862427e-08 -63.172849 -4.0685744        0.0000000
00011818001 1 2019-09-27T14:21:18 2019-09-27T14:24:38 2458754.0992824081 196.63310 UVW1 117.27438 10.294077 2.5523834 -40.179421 0 4.3857166e-08 -55.944637 -4.0686116        0.0000000
00011818001 2 2019-09-27T14:24:41 2019-09-27T14:28:01 2458754.1016319450 196.60050 UVW1 117.27516 10.293366 2.5523517 -38.617269 0 4.3852301e-08 -49.237207 -4.0686460        0.0000000
00011818001 3 2019-09-27T14:28:04 2019-09-27T14:31:23 2458754.1039756951 196.71993 UVW1 117.27594 10.292657 2.5523200 -37.058964 0 4.3847449e-08 -43.074877 -4.0686804        0.0000000
00011818001 4 2019-09-27T14:31:26 2019-09-27T14:34:46 2458754.1063194452 196.62222 UVW1 117.27671 10.291949 2.5522882 -35.500464 0 4.3842600e-08 -37.418476 -4.0687146        0.0000000
00011818001 5 2019-09-27T14:34:49 2019-09-27T14:38:09 2458754.1086689821 196.62222 UVW1 117.27749 10.291238 2.5522563 -33.938099 0 4.3837741e-08 -32.235260 -4.0687489        0.0000000
00011818001 6 2019-09-27T14:38:12 2019-09-27T14:38:55 2458754.1101099541 42.892656 UVW1 117.27797 10.290802 2.5522368 -32.979900 0 4.3834761e-08 -29.288480 -4.0687699        0.0000000
