OBS_ID EXTENSION START END MIDTIME EXP_TIME FILTER PA HELIO HELIO_V PHASE RA DEC PX PY
00011788001 1 2019-09-27T03:06:26.000 2019-09-27T03:10:55.000 2019-09-27T03:08:40.500 264.935611669103 UVW2 115.001319021356 2.566418074415 -23.5809325 17.2669 139.80183 24.67808 450.2032719995552 790.9382761628099
00011789001 1 2019-09-27T03:11:18.000 2019-09-27T03:14:38.000 2019-09-27T03:12:58.000 196.611370848586 V 115.000996501525 2.566377479849 -23.5803752 17.2675 139.80301 24.67692 427.96879005383505 756.2538849713283
00011789001 2 2019-09-27T03:14:41.000 2019-09-27T03:17:55.000 2019-09-27T03:16:18.000 191.529408123862 V 115.000996501525 2.566345950921 -23.5799423 17.2679 139.8039 24.67602 427.80800042434856 752.8064116117351
00011790001 1 2019-09-27T03:18:19.000 2019-09-27T03:21:39.000 2019-09-27T03:19:59.000 196.622216987015 UVW1 114.99791692693 2.566311112323 -23.579464 17.2683 139.80487 24.67501 426.50904430972156 752.6483900496471
00011790001 2 2019-09-27T03:21:42.000 2019-09-27T03:25:02.000 2019-09-27T03:23:22.000 196.622236698307 UVW1 114.99791692693 2.566279112066 -23.5790246 17.2686 139.80575 24.67408 424.6110300427219 748.7828624225416
00011790001 3 2019-09-27T03:25:05.000 2019-09-27T03:28:25.000 2019-09-27T03:26:45.000 196.622236815636 UVW1 114.99791692693 2.566247112581 -23.5785852 17.2688 139.80665 24.67315 421.2690186228965 745.5219588902937
00011790001 4 2019-09-27T03:28:28.000 2019-09-27T03:31:47.000 2019-09-27T03:30:07.500 196.622256409599 UVW1 114.99791692693 2.566215192671 -23.5781468 17.269 139.80756 24.67222 417.2379847682563 740.6547638852563
00011790001 5 2019-09-27T03:31:50.000 2019-09-27T03:35:10.000 2019-09-27T03:33:30.000 196.600504998866 UVW1 114.99791692693 2.566183273499 -23.5777085 17.2692 139.8085 24.67129 413.80697481507815 739.9215453479378
00011790001 6 2019-09-27T03:35:13.000 2019-09-27T03:35:55.000 2019-09-27T03:35:34.000 41.3724171641458 UVW1 114.99791692693 2.566163728286 -23.57744 17.2693 139.80909 24.67072 411.2143071014843 737.2688934607681
00011792001 1 2019-09-27T04:38:35.000 2019-09-27T04:40:55.000 2019-09-27T04:39:45.000 138.255607692279 UVW2 115.01970778688 2.565556822494 -23.5690997 17.2794 139.83143 24.65384 316.894109821553 721.3861942428749
00011793001 1 2019-09-27T04:41:19.000 2019-09-27T04:44:39.000 2019-09-27T04:42:59.000 196.622236815636 V 114.991840839548 2.56552625371 -23.5686794 17.28 139.83236 24.65298 447.95393648126503 768.0454587965579
00011793001 2 2019-09-27T04:44:42.000 2019-09-27T04:47:55.000 2019-09-27T04:46:18.500 190.25890752837 V 114.991840839548 2.565494818964 -23.5682471 17.2805 139.83329 24.65208 447.531973352239 764.2972113779201
00011794001 1 2019-09-27T04:48:18.000 2019-09-27T04:51:38.000 2019-09-27T04:49:58.000 196.622217104344 UVW1 115.012723498202 2.565460233689 -23.5677715 17.281 139.83428 24.65109 426.6634768809893 754.3264549666022
00011794001 2 2019-09-27T04:51:41.000 2019-09-27T04:55:01.000 2019-09-27T04:53:21.000 196.622236698307 UVW1 115.012723498202 2.565428249008 -23.5673316 17.2814 139.83517 24.65017 427.09868340657874 751.0330357682692
00011794001 3 2019-09-27T04:55:04.000 2019-09-27T04:58:23.000 2019-09-27T04:56:43.500 196.578792893388 UVW1 115.012723498202 2.565396343876 -23.5668928 17.2817 139.83606 24.64925 423.67920372450084 747.7713837430337
00011794001 4 2019-09-27T04:58:26.000 2019-09-27T05:01:46.000 2019-09-27T05:00:06.000 196.622236698307 UVW1 115.012723498202 2.565364439516 -23.5664539 17.2819 139.83694 24.64832 421.10808468354986 745.081678672194
00011794001 5 2019-09-27T05:01:49.000 2019-09-27T05:05:09.000 2019-09-27T05:03:29.000 196.622216987015 UVW1 115.012723498202 2.565332457149 -23.566014 17.2821 139.83785 24.64738 417.61501423813 741.9676481694504
00011794001 6 2019-09-27T05:05:12.000 2019-09-27T05:05:55.000 2019-09-27T05:05:33.500 42.7732294631016 UVW1 115.012723498202 2.565312842723 -23.5657441 17.2823 139.83841 24.64681 416.3032324462507 739.5978962400724
00011796001 1 2019-09-27T06:19:06.000 2019-09-27T06:20:55.000 2019-09-27T06:20:00.500 107.405453773471 UVW2 115.03972629415 2.564609226602 -23.5560581 17.2935 139.86365 24.62712 326.68694391827233 798.3651097563545
00011797001 1 2019-09-27T06:21:19.000 2019-09-27T06:24:38.000 2019-09-27T06:22:58.500 196.600504998866 V 114.981797134408 2.564581194595 -23.555672 17.2939 139.86447 24.62632 438.6917256113907 752.6058155903227
00011797001 2 2019-09-27T06:24:42.000 2019-09-27T06:27:56.000 2019-09-27T06:26:19.000 190.801846971071 V 114.981797134408 2.564549619904 -23.555237 17.2944 139.86537 24.62542 439.09060732988746 749.5590467300632
00011798001 1 2019-09-27T06:28:18.000 2019-09-27T06:31:38.000 2019-09-27T06:29:58.000 196.622217104344 UVW1 115.008381663699 2.56451513269 -23.5547618 17.2947 139.86633 24.62442 425.9204430049071 752.6730371428732
00011798001 2 2019-09-27T06:31:41.000 2019-09-27T06:35:01.000 2019-09-27T06:33:21.000 196.622236815636 UVW1 115.008381663699 2.564483165894 -23.5543214 17.295 139.86722 24.62349 423.34913295522404 748.7841495342485
00011798001 3 2019-09-27T06:35:04.000 2019-09-27T06:38:23.000 2019-09-27T06:36:43.500 196.633082836735 UVW1 115.008381663699 2.564451278607 -23.553882 17.2953 139.86811 24.62256 420.6463823996416 744.9690084348462
00011798001 4 2019-09-27T06:38:26.000 2019-09-27T06:41:46.000 2019-09-27T06:40:06.000 196.633102665356 UVW1 115.008381663699 2.564419392084 -23.5534426 17.2955 139.86901 24.62163 416.3894147729799 741.6612541409365
00011798001 5 2019-09-27T06:41:49.000 2019-09-27T06:45:09.000 2019-09-27T06:43:29.000 196.633082954064 UVW1 115.008381663699 2.564387427578 -23.5530021 17.2957 139.86994 24.62069 412.7131409384303 738.1350724439905
00011798001 6 2019-09-27T06:45:12.000 2019-09-27T06:45:55.000 2019-09-27T06:45:33.500 42.9578115159499 UVW1 115.008381663699 2.564367824093 -23.552732 17.2958 139.87053 24.62012 411.78999797839293 735.2031686288842
00011800001 1 2019-09-27T07:53:35.000 2019-09-27T07:55:55.000 2019-09-27T07:54:45.000 137.810382403881 UVW2 114.985790198431 2.563714255016 -23.543719 17.3066 139.8943 24.60186 293.5057621871868 805.0469050063587
00011801001 1 2019-09-27T07:56:18.000 2019-09-27T07:59:38.000 2019-09-27T07:57:58.000 196.633082954064 V 114.997377818643 2.563683876676 -23.5432998 17.3071 139.8952 24.60099 471.3341866550135 754.2010951319545
00011801001 2 2019-09-27T07:59:41.000 2019-09-27T08:02:55.000 2019-09-27T08:01:18.000 191.22536027132 V 114.997377818643 2.56365239724 -23.5428654 17.3076 139.8961 24.60009 471.3125228503117 750.6720332723387
00011802001 1 2019-09-27T08:03:18.000 2019-09-27T08:06:38.000 2019-09-27T08:04:58.000 196.622216987015 UVW1 115.006229963131 2.563617770715 -23.5423875 17.308 139.89706 24.59909 423.18476242111313 758.3092652523223
00011802001 2 2019-09-27T08:06:41.000 2019-09-27T08:10:01.000 2019-09-27T08:08:21.000 196.633082954064 UVW1 115.006229963131 2.563585820682 -23.5419466 17.3083 139.89795 24.59816 421.2382533132628 753.6987382757649
00011802001 3 2019-09-27T08:10:04.000 2019-09-27T08:13:24.000 2019-09-27T08:11:44.000 196.622236815636 UVW1 115.006229963131 2.563553871426 -23.5415056 17.3085 139.89884 24.59723 419.17982439848146 750.5214971899851
00011802001 4 2019-09-27T08:13:27.000 2019-09-27T08:16:46.000 2019-09-27T08:15:06.500 196.611370848586 UVW1 115.006229963131 2.563522001629 -23.5410656 17.3088 139.89974 24.59629 414.7905419961996 746.6883757191536
00011802001 5 2019-09-27T08:16:49.000 2019-09-27T08:20:09.000 2019-09-27T08:18:29.000 196.622236698307 UVW1 115.006229963131 2.563490132584 -23.5406257 17.3089 139.90066 24.59536 411.03391410410865 743.826737369899
00011802001 6 2019-09-27T08:20:12.000 2019-09-27T08:20:55.000 2019-09-27T08:20:33.500 42.8058074182999 UVW1 115.006229963131 2.563470539387 -23.5403552 17.309 139.90124 24.59479 408.0480019246628 743.5232474920498
00011804001 1 2019-09-27T09:26:18.000 2019-09-27T09:27:55.000 2019-09-27T09:27:06.500 95.5040902173259 UVW2 115.024367330691 2.562842249598 -23.5316762 17.3194 139.92426 24.57721 288.6130217014866 786.445115300183
00011805001 1 2019-09-27T09:28:19.000 2019-09-27T09:31:39.000 2019-09-27T09:29:59.000 196.622216987015 V 115.008921349673 2.562815111736 -23.5313011 17.3199 139.92509 24.57644 454.71782806423414 764.228295105241
00011805001 2 2019-09-27T09:31:42.000 2019-09-27T09:34:55.000 2019-09-27T09:33:18.500 190.378373093406 V 115.008921349673 2.562783726853 -23.5308672 17.3204 139.92601 24.57554 452.22524971888913 759.946754523322
00011806001 1 2019-09-27T09:35:18.000 2019-09-27T09:38:38.000 2019-09-27T09:36:58.000 196.622236815636 UVW1 115.002114142891 2.562749196443 -23.5303899 17.3209 139.927 24.57455 418.80879355441675 755.1737088564256
00011806001 2 2019-09-27T09:38:41.000 2019-09-27T09:42:00.000 2019-09-27T09:40:20.500 196.611370848586 UVW1 115.002114142891 2.562717341161 -23.5299495 17.3212 139.92789 24.57363 417.9656969209503 752.5488862372277
00011806001 3 2019-09-27T09:42:03.000 2019-09-27T09:45:23.000 2019-09-27T09:43:43.000 196.622217104344 UVW1 115.002114142891 2.562685486649 -23.5295091 17.3216 139.92878 24.5727 416.6011446687323 749.540263492069
00011806001 4 2019-09-27T09:45:26.000 2019-09-27T09:48:46.000 2019-09-27T09:47:06.000 196.622216987015 UVW1 115.002114142891 2.562653554261 -23.5290675 17.3218 139.92967 24.57177 413.4408140642656 746.3554433383428
00011806001 5 2019-09-27T09:48:49.000 2019-09-27T09:52:09.000 2019-09-27T09:50:29.000 196.633082836735 UVW1 115.002114142891 2.562621622644 -23.528626 17.322 139.93057 24.57084 409.56611427146015 743.089469462362
00011806001 6 2019-09-27T09:52:12.000 2019-09-27T09:52:55.000 2019-09-27T09:52:33.500 42.7840954301511 UVW1 115.002114142891 2.562602039343 -23.5283552 17.3221 139.93113 24.57026 408.87970992720545 739.6443692077016
00011808001 1 2019-09-27T11:01:07.000 2019-09-27T11:02:55.000 2019-09-27T11:02:01.000 106.319574770741 UVW2 115.064640008523 2.561946632842 -23.5192862 17.3325 139.95495 24.55185 278.05966785198035 838.1920868785858
00011809001 1 2019-09-27T11:03:19.000 2019-09-27T11:06:38.000 2019-09-27T11:04:58.500 196.600524710158 V 114.951730861241 2.561918723068 -23.5188998 17.3331 139.9558 24.55106 442.0257464028377 760.4794304807172
00011809001 2 2019-09-27T11:06:41.000 2019-09-27T11:09:56.000 2019-09-27T11:08:18.500 191.105894823613 V 114.951730861241 2.561887276087 -23.5184643 17.3336 139.95674 24.55016 441.71217848603726 755.09421837119
00011810001 1 2019-09-27T11:10:19.000 2019-09-27T11:13:39.000 2019-09-27T11:11:59.000 196.622236698307 UVW1 115.015486699554 2.561852606621 -23.5179842 17.3341 139.95773 24.54917 424.062579848152 754.3798741533382
00011810001 2 2019-09-27T11:13:42.000 2019-09-27T11:17:01.000 2019-09-27T11:15:21.500 196.622216987015 UVW1 115.015486699554 2.561820768105 -23.5175433 17.3345 139.95863 24.54825 424.64894087481815 751.171530220054
00011810001 3 2019-09-27T11:17:05.000 2019-09-27T11:20:24.000 2019-09-27T11:18:44.500 196.633082954064 UVW1 115.015486699554 2.561788851748 -23.5171013 17.3348 139.95951 24.54732 420.5959986328327 748.3098251572404
00011810001 4 2019-09-27T11:20:27.000 2019-09-27T11:23:47.000 2019-09-27T11:22:07.000 196.611370848586 UVW1 115.015486699554 2.561757014778 -23.5166603 17.3351 139.9604 24.54639 417.358173464546 743.8769039560029
00011810001 5 2019-09-27T11:23:50.000 2019-09-27T11:27:10.000 2019-09-27T11:25:30.000 196.622216987015 UVW1 115.015486699554 2.561725099971 -23.5162183 17.3353 139.9613 24.54546 414.76795726676653 741.1425630608962
00011810001 6 2019-09-27T11:27:13.000 2019-09-27T11:27:56.000 2019-09-27T11:27:34.500 41.9262421678588 UVW1 115.015486699554 2.561705526981 -23.5159471 17.3354 139.96186 24.54488 411.0066080716152 739.5237333292587
00011812001 1 2019-09-27T12:36:33.000 2019-09-27T12:38:55.000 2019-09-27T12:37:44.000 140.514253424906 UVW2 115.006683403834 2.561043865996 -23.5067758 17.3458 139.98587 24.52626 303.101097237685 654.0366381999844
00011813001 1 2019-09-27T12:39:19.000 2019-09-27T12:42:39.000 2019-09-27T12:40:59.000 196.633102665356 V 114.994894730119 2.561013220898 -23.5063507 17.3464 139.98681 24.52539 443.2994825072027 774.8054103502888
00011813001 2 2019-09-27T12:42:42.000 2019-09-27T12:45:55.000 2019-09-27T12:44:18.500 190.606399068502 V 114.994894730119 2.560981869286 -23.5059158 17.3469 139.98773 24.52449 442.24620544523077 771.6489882641938
00011814001 1 2019-09-27T12:46:18.000 2019-09-27T12:49:38.000 2019-09-27T12:47:58.000 196.633102665356 UVW1 114.993188071949 2.560947375484 -23.5054373 17.3474 139.98872 24.5235 429.86414198279937 757.0606521104874
00011814001 2 2019-09-27T12:49:41.000 2019-09-27T12:53:01.000 2019-09-27T12:51:21.000 196.611351137294 UVW1 114.993188071949 2.560915475403 -23.5049948 17.3478 139.98962 24.52258 428.4998332066423 752.809018468047
00011814001 3 2019-09-27T12:53:04.000 2019-09-27T12:56:24.000 2019-09-27T12:54:44.000 196.622236815636 UVW1 114.993188071949 2.560883576097 -23.5045522 17.3481 139.9905 24.52165 426.10871996496263 749.989751950954
00011814001 4 2019-09-27T12:56:27.000 2019-09-27T12:59:46.000 2019-09-27T12:58:06.500 196.622256409599 UVW1 114.993188071949 2.560851756137 -23.5041107 17.3484 139.99139 24.52072 423.14443010518113 746.6074532034072
00011814001 5 2019-09-27T12:59:49.000 2019-09-27T13:03:09.000 2019-09-27T13:01:29.000 196.633082954064 UVW1 114.993188071949 2.560819936946 -23.5036692 17.3486 139.99229 24.51979 420.4631988926217 742.8028390787825
00011814001 6 2019-09-27T13:03:13.000 2019-09-27T13:03:55.000 2019-09-27T13:03:34.000 42.1217098990486 UVW1 114.993188071949 2.560800295849 -23.5033967 17.3487 139.99285 24.51921 417.89597625995486 740.7197901694462
00011816001 1 2019-09-27T14:12:09.000 2019-09-27T14:13:55.000 2019-09-27T14:13:02.000 104.321532968408 UVW2 115.023875710686 2.560145506607 -23.4943048 17.3591 140.01666 24.50075 247.86557285577305 789.051089300947
00011817001 1 2019-09-27T14:14:19.000 2019-09-27T14:17:38.000 2019-09-27T14:15:58.500 196.611370848586 V 114.96718664122 2.560117783545 -23.4939196 17.3596 140.01752 24.49997 455.7380080892595 760.2127515069016
00011817001 2 2019-09-27T14:17:42.000 2019-09-27T14:20:55.000 2019-09-27T14:19:18.500 190.280639227811 V 114.96718664122 2.560086369959 -23.4934831 17.3601 140.01845 24.49907 453.68300971259714 757.893662346078
00011818001 1 2019-09-27T14:21:18.000 2019-09-27T14:24:38.000 2019-09-27T14:22:58.000 196.633102548027 UVW1 114.998434248114 2.560051894373 -23.493004 17.3606 140.01945 24.49808 420.2507623898146 756.8350223722135
00011818001 2 2019-09-27T14:24:41.000 2019-09-27T14:28:01.000 2019-09-27T14:26:21.000 196.600504998866 UVW1 114.998434248114 2.560020011137 -23.492561 17.361 140.02034 24.49716 419.5179272233903 752.8925762106793
00011818001 3 2019-09-27T14:28:04.000 2019-09-27T14:31:23.000 2019-09-27T14:29:43.500 196.719931258647 UVW1 114.998434248114 2.559988207202 -23.492119 17.3614 140.02123 24.49623 418.0105533757813 749.7174478669035
00011818001 4 2019-09-27T14:31:26.000 2019-09-27T14:34:46.000 2019-09-27T14:33:06.000 196.622216987015 UVW1 114.998434248114 2.559956404043 -23.491677 17.3616 140.02211 24.4953 414.5115990617619 746.9664181924531
00011818001 5 2019-09-27T14:34:49.000 2019-09-27T14:38:09.000 2019-09-27T14:36:29.000 196.622217104344 UVW1 114.998434248114 2.559924523132 -23.4912338 17.3619 140.02301 24.49437 411.0824997045766 742.8958990706042
00011818001 6 2019-09-27T14:38:12.000 2019-09-27T14:38:55.000 2019-09-27T14:38:33.500 42.8926557228824 UVW1 114.998434248114 2.559904970932 -23.490962 17.362 140.02357 24.49379 410.30425407418886 742.581580218607
