OBS_ID EXTENSION START END MIDTIME EXP_TIME FILTER PA HELIO HELIO_V OBS_DIS PHASE RA DEC PX PY
00011788001 1 2019-09-27T03:06:26.000 2019-09-27T03:10:55.000 2019-09-27T03:08:40.500 264.935611669103 UVW2 115.001319021356 2.566882332614 -23.5816506 3.10316238797198 17.2637 139.80185 24.67805 450.13803742092 790.8307493841535
00011789001 1 2019-09-27T03:11:18.000 2019-09-27T03:14:38.000 2019-09-27T03:12:58.000 196.611370848586 V 115.000996501525 2.566841736812 -23.5810929 3.10309081393626 17.2643 139.80303 24.67689 427.9035519066925 756.1463599718036
00011789001 2 2019-09-27T03:14:41.000 2019-09-27T03:17:55.000 2019-09-27T03:16:18.000 191.529408123862 V 115.000996501525 2.566810206925 -23.5806598 3.10303739237613 17.2647 139.80391 24.67599 427.775343499309 752.698864391656
00011790001 1 2019-09-27T03:18:19.000 2019-09-27T03:21:39.000 2019-09-27T03:19:59.000 196.622216987015 UVW1 114.99791692693 2.566775367267 -23.5801812 3.10298082024687 17.2651 139.80488 24.67498 426.4763866897568 752.5408429589903
00011790001 2 2019-09-27T03:21:42.000 2019-09-27T03:25:02.000 2019-09-27T03:23:22.000 196.622236698307 UVW1 114.99791692693 2.566743366037 -23.5797415 3.10293122055501 17.2653 139.80577 24.67405 424.545788639539 748.6753384873301
00011790001 3 2019-09-27T03:25:05.000 2019-09-27T03:28:25.000 2019-09-27T03:26:45.000 196.622236815636 UVW1 114.99791692693 2.566711365579 -23.5793018 3.10288385523886 17.2656 139.80667 24.67312 421.20377604873886 745.4144353662685
00011790001 4 2019-09-27T03:28:28.000 2019-09-27T03:31:47.000 2019-09-27T03:30:07.500 196.622256409599 UVW1 114.99791692693 2.566679444699 -23.5788632 3.10283869221741 17.2658 139.80758 24.67219 417.1727409773681 740.54724079978
00011790001 5 2019-09-27T03:31:50.000 2019-09-27T03:35:10.000 2019-09-27T03:33:30.000 196.600504998866 UVW1 114.99791692693 2.566647524558 -23.5784246 3.10279537038208 17.2659 139.80852 24.67126 413.74172971152433 739.8140227588506
00011790001 6 2019-09-27T03:35:13.000 2019-09-27T03:35:55.000 2019-09-27T03:35:34.000 41.3724171641458 UVW1 114.99791692693 2.566627978751 -23.578156 3.10276961221679 17.266 139.80911 24.67069 411.149061315586 737.1613711019761
00011792001 1 2019-09-27T04:38:35.000 2019-09-27T04:40:55.000 2019-09-27T04:39:45.000 138.255607692279 UVW2 115.01970778688 2.566021054592 -23.5698105 3.10182190112148 17.2762 139.83145 24.65381 316.8288291233237 721.278687544153
00011794001 1 2019-09-27T04:48:18.000 2019-09-27T04:51:38.000 2019-09-27T04:49:58.000 196.622217104344 UVW1 115.012723498202 2.565924462876 -23.5684815 3.10164943702086 17.2777 139.83429 24.65106 426.6308137374363 754.218907663238
00011794001 2 2019-09-27T04:51:41.000 2019-09-27T04:55:01.000 2019-09-27T04:53:21.000 196.622236698307 UVW1 115.012723498202 2.565892477232 -23.5680413 3.10159611586038 17.2781 139.83519 24.65014 427.0334303212105 750.9255113578406
00011794001 3 2019-09-27T04:55:04.000 2019-09-27T04:58:23.000 2019-09-27T04:56:43.500 196.578792893388 UVW1 115.012723498202 2.565860571139 -23.5676022 3.1015451434803 17.2784 139.83607 24.64922 423.6465386620412 747.6638368711277
00011794001 4 2019-09-27T04:58:26.000 2019-09-27T05:01:46.000 2019-09-27T05:00:06.000 196.622236698307 UVW1 115.012723498202 2.565828665819 -23.5671631 3.10149642821508 17.2787 139.83696 24.64829 421.04282918992436 744.9741551279244
00011794001 5 2019-09-27T05:01:49.000 2019-09-27T05:05:09.000 2019-09-27T05:03:29.000 196.622216987015 UVW1 115.012723498202 2.56579668249 -23.5667229 3.10144978970084 17.2789 139.83786 24.64735 417.58234722968234 741.8601017343906
00011794001 6 2019-09-27T05:05:12.000 2019-09-27T05:05:55.000 2019-09-27T05:05:33.500 42.7732294631016 UVW1 115.012723498202 2.565777067474 -23.5664529 3.10142220287619 17.279 139.83842 24.64678 416.2705649738202 739.4903498993338
00011796001 1 2019-09-27T06:19:06.000 2019-09-27T06:20:55.000 2019-09-27T06:20:00.500 107.405453773471 UVW2 115.03972629415 2.565073430276 -23.5567609 3.10032304148066 17.2903 139.86367 24.62709 326.6216530582608 798.2576008334518
00011797001 1 2019-09-27T06:21:19.000 2019-09-27T06:24:38.000 2019-09-27T06:22:58.500 196.600504998866 V 114.981797134408 2.565045397433 -23.5563745 3.10027331810536 17.2907 139.86449 24.62629 438.6264636811737 752.4982890238576
00011797001 2 2019-09-27T06:24:42.000 2019-09-27T06:27:56.000 2019-09-27T06:26:19.000 190.801846971071 V 114.981797134408 2.5650138218 -23.5559393 3.10021905688312 17.2911 139.86539 24.62539 439.0253443049406 749.4515205395053
00011798001 1 2019-09-27T06:28:18.000 2019-09-27T06:31:38.000 2019-09-27T06:29:58.000 196.622217104344 UVW1 115.008381663699 2.564979333558 -23.5554638 3.10016215336648 17.2915 139.86635 24.62439 425.8551764117414 752.5655127855158
00011798001 2 2019-09-27T06:31:41.000 2019-09-27T06:35:01.000 2019-09-27T06:33:21.000 196.622236815636 UVW1 115.008381663699 2.56494736581 -23.5550231 3.10011174363129 17.2918 139.86723 24.62346 423.3164611854167 748.6766026630518
00011798001 3 2019-09-27T06:35:04.000 2019-09-27T06:38:23.000 2019-09-27T06:36:43.500 196.633082836735 UVW1 115.008381663699 2.564915477573 -23.5545835 3.10006370942997 17.2921 139.86812 24.62253 420.6137097383941 744.8614617582115
00011798001 4 2019-09-27T06:38:26.000 2019-09-27T06:41:46.000 2019-09-27T06:40:06.000 196.633102665356 UVW1 115.008381663699 2.5648835901 -23.5541438 3.10001782303468 17.2923 139.86903 24.6216 416.324144552729 741.5537310880585
00011798001 5 2019-09-27T06:41:49.000 2019-09-27T06:45:09.000 2019-09-27T06:43:29.000 196.633082954064 UVW1 115.008381663699 2.564851624643 -23.553703 3.0999737726581 17.2924 139.86996 24.62066 412.6478694638911 738.0275498497618
00011798001 6 2019-09-27T06:45:12.000 2019-09-27T06:45:55.000 2019-09-27T06:45:33.500 42.9578115159499 UVW1 115.008381663699 2.564832020575 -23.5534327 3.09994759547197 17.2925 139.87054 24.62009 411.7573227945841 735.0956225174277
00011800001 1 2019-09-27T07:53:35.000 2019-09-27T07:55:55.000 2019-09-27T07:54:45.000 137.810382403881 UVW2 114.985790198431 2.564178432126 -23.5444142 3.09891960495654 17.3034 139.89432 24.60183 293.4404489626865 804.9394016122732
00011801001 1 2019-09-27T07:56:18.000 2019-09-27T07:59:38.000 2019-09-27T07:57:58.000 196.633082954064 V 114.997377818643 2.56414805289 -23.5439948 3.0988653422828 17.3039 139.89521 24.60096 471.301520622657 754.0935447813798
00011801001 2 2019-09-27T07:59:41.000 2019-09-27T08:02:55.000 2019-09-27T08:01:18.000 191.22536027132 V 114.997377818643 2.564116572525 -23.5435601 3.09881086395643 17.3043 139.89611 24.60006 471.2798559789966 750.564483103611
00011802001 1 2019-09-27T08:03:18.000 2019-09-27T08:06:38.000 2019-09-27T08:04:58.000 196.622216987015 UVW1 115.006229963131 2.564081944978 -23.5430819 3.09875327736309 17.3047 139.89708 24.59906 423.119481576932 758.2017415351064
00011802001 2 2019-09-27T08:06:41.000 2019-09-27T08:10:01.000 2019-09-27T08:08:21.000 196.633082954064 UVW1 115.006229963131 2.564049994003 -23.5426407 3.09870246810009 17.305 139.89797 24.59813 421.17297127645463 753.5912149839193
00011802001 3 2019-09-27T08:10:04.000 2019-09-27T08:13:24.000 2019-09-27T08:11:44.000 196.622236815636 UVW1 115.006229963131 2.564018043805 -23.5421994 3.09865392546179 17.3053 139.89886 24.5972 419.1145412630736 750.4139742670634
00011802001 4 2019-09-27T08:13:27.000 2019-09-27T08:16:46.000 2019-09-27T08:15:06.500 196.611370848586 UVW1 115.006229963131 2.56398617307 -23.5417592 3.09860767922281 17.3055 139.89976 24.59626 414.72525755649633 746.5808532854521
00011802001 5 2019-09-27T08:16:49.000 2019-09-27T08:20:09.000 2019-09-27T08:18:29.000 196.622236698307 UVW1 115.006229963131 2.563954303086 -23.541319 3.09856341965011 17.3057 139.90068 24.59533 410.96862839769165 743.7192154059703
00011802001 6 2019-09-27T08:20:12.000 2019-09-27T08:20:55.000 2019-09-27T08:20:33.500 42.8058074182999 UVW1 115.006229963131 2.563934709312 -23.5410483 3.09853707512447 17.3058 139.90126 24.59476 407.9827155642253 743.415725742304
00011804001 1 2019-09-27T09:26:18.000 2019-09-27T09:27:55.000 2019-09-27T09:27:06.500 95.5040902173259 UVW2 115.024367330691 2.563306401092 -23.532364 3.09755792137235 17.3161 139.92428 24.57717 288.5476563615362 786.3017564809932
00011805001 1 2019-09-27T09:28:19.000 2019-09-27T09:31:39.000 2019-09-27T09:29:59.000 196.622216987015 V 115.008921349673 2.563279262436 -23.5319886 3.09750813830459 17.3166 139.92511 24.57641 454.6525445213978 764.1207659205758
00011805001 2 2019-09-27T09:31:42.000 2019-09-27T09:34:55.000 2019-09-27T09:33:18.500 190.378373093406 V 115.008921349673 2.563247876636 -23.5315545 3.09745190187349 17.3171 139.92603 24.57551 452.1599649895901 759.8392257707886
00011806001 1 2019-09-27T09:35:18.000 2019-09-27T09:38:38.000 2019-09-27T09:36:58.000 196.622236815636 UVW1 115.002114142891 2.563213345218 -23.5310769 3.09739205791094 17.3176 139.92702 24.57452 418.7435008835781 755.0661845731954
00011806001 2 2019-09-27T09:38:41.000 2019-09-27T09:42:00.000 2019-09-27T09:40:20.500 196.611370848586 UVW1 115.002114142891 2.563181489006 -23.5306362 3.09733900352124 17.318 139.92791 24.5736 417.90040308914917 752.4413623638629
00011806001 3 2019-09-27T09:42:03.000 2019-09-27T09:45:23.000 2019-09-27T09:43:43.000 196.622217104344 UVW1 115.002114142891 2.563149633565 -23.5301955 3.09728816945768 17.3183 139.92879 24.57267 416.5684589447207 749.4327168464354
00011806001 4 2019-09-27T09:45:26.000 2019-09-27T09:48:46.000 2019-09-27T09:47:06.000 196.622216987015 UVW1 115.002114142891 2.563117700245 -23.5297537 3.09723947569788 17.3186 139.92968 24.57174 413.4081273412642 746.2478969196783
00011806001 5 2019-09-27T09:48:49.000 2019-09-27T09:52:09.000 2019-09-27T09:50:29.000 196.633082836735 UVW1 115.002114142891 2.563085767697 -23.5293119 3.09719297664846 17.3188 139.93058 24.57081 409.53342661776304 742.9819232500987
00011806001 6 2019-09-27T09:52:12.000 2019-09-27T09:52:55.000 2019-09-27T09:52:33.500 42.7840954301511 UVW1 115.002114142891 2.563066183825 -23.5290409 3.09716547056736 17.3189 139.93115 24.57023 408.81441180066594 739.5368468599164
00011808001 1 2019-09-27T11:01:07.000 2019-09-27T11:02:55.000 2019-09-27T11:02:01.000 106.319574770741 UVW2 115.064640008523 2.562410758297 -23.5199664 3.09615259871171 17.3293 139.95496 24.55182 278.02694260359124 838.0845504367146
00011809001 1 2019-09-27T11:03:19.000 2019-09-27T11:06:38.000 2019-09-27T11:04:58.500 196.600524710158 V 114.951730861241 2.562382847716 -23.5195797 3.09610116650107 17.3298 139.95582 24.55103 441.96044632906677 760.3719033067581
00011809001 2 2019-09-27T11:06:41.000 2019-09-27T11:09:56.000 2019-09-27T11:08:18.500 191.105894823613 V 114.951730861241 2.562351399826 -23.519144 3.09604450863159 17.3303 139.95675 24.55013 441.67949240336696 754.9866700773455
00011810001 1 2019-09-27T11:10:19.000 2019-09-27T11:13:39.000 2019-09-27T11:11:59.000 196.622236698307 UVW1 115.015486699554 2.562316729358 -23.5186636 3.09598402748188 17.3308 139.95775 24.54914 423.99727460495706 754.2723494994632
00011810001 2 2019-09-27T11:13:42.000 2019-09-27T11:17:01.000 2019-09-27T11:15:21.500 196.622216987015 UVW1 115.015486699554 2.562284889923 -23.5182224 3.09593060457022 17.3312 139.95864 24.54822 424.6162500923001 751.0639831884159
00011810001 3 2019-09-27T11:17:05.000 2019-09-27T11:20:24.000 2019-09-27T11:18:44.500 196.633082954064 UVW1 115.015486699554 2.562252972644 -23.5177801 3.09587926068513 17.3316 139.95953 24.54729 420.5306908776958 748.2023014352053
00011810001 4 2019-09-27T11:20:27.000 2019-09-27T11:23:47.000 2019-09-27T11:22:07.000 196.611370848586 UVW1 115.015486699554 2.562221134755 -23.5173389 3.09583030536093 17.3318 139.96042 24.54636 417.29286468961044 743.7693805560041
00011810001 5 2019-09-27T11:23:50.000 2019-09-27T11:27:10.000 2019-09-27T11:25:30.000 196.622216987015 UVW1 115.015486699554 2.562189219027 -23.5168965 3.09578344237869 17.332 139.96131 24.54543 414.73526375369534 741.0350166309133
00011810001 6 2019-09-27T11:27:13.000 2019-09-27T11:27:56.000 2019-09-27T11:27:34.500 41.9262421678588 UVW1 115.015486699554 2.562169645474 -23.5166252 3.09575573162462 17.3322 139.96187 24.54485 410.97391386654465 739.4161870615324
00011812001 1 2019-09-27T12:36:33.000 2019-09-27T12:38:55.000 2019-09-27T12:37:44.000 140.514253424906 UVW2 115.006683403834 2.561507965485 -23.5074482 3.09473344536368 17.3426 139.98588 24.52623 303.06836873392285 653.9291007157426
00011813001 1 2019-09-27T12:39:19.000 2019-09-27T12:42:39.000 2019-09-27T12:40:59.000 196.633102665356 V 114.994894730119 2.56147731951 -23.5070229 3.0946770426935 17.3432 139.98682 24.52536 443.26679034007964 774.6978619533304
00011813001 2 2019-09-27T12:42:42.000 2019-09-27T12:45:55.000 2019-09-27T12:44:18.500 190.606399068502 V 114.994894730119 2.561445967002 -23.5065878 3.09462071994634 17.3437 139.98775 24.52446 442.18089050849943 771.541461733776
00011814001 1 2019-09-27T12:46:18.000 2019-09-27T12:49:38.000 2019-09-27T12:47:58.000 196.633102665356 UVW1 114.993188071949 2.561411472214 -23.506109 3.09456075912759 17.3442 139.98874 24.52347 429.7988241565583 756.9531270081799
00011814001 2 2019-09-27T12:49:41.000 2019-09-27T12:53:01.000 2019-09-27T12:51:21.000 196.611351137294 UVW1 114.993188071949 2.561379571222 -23.5056662 3.09450745486467 17.3446 139.98963 24.52255 428.4671365239655 752.7014712093498
00011814001 3 2019-09-27T12:53:04.000 2019-09-27T12:56:24.000 2019-09-27T12:54:44.000 196.622236815636 UVW1 114.993188071949 2.561347671005 -23.5052233 3.09445637641109 17.3449 139.99052 24.52162 426.04339980005176 749.8822276770114
00011814001 4 2019-09-27T12:56:27.000 2019-09-27T12:59:46.000 2019-09-27T12:58:06.500 196.622256409599 UVW1 114.993188071949 2.561315850136 -23.5047816 3.09440768562795 17.3451 139.9914 24.52069 423.1117315400321 746.4999063647656
00011814001 5 2019-09-27T12:59:49.000 2019-09-27T13:03:09.000 2019-09-27T13:01:29.000 196.633082954064 UVW1 114.993188071949 2.561284030038 -23.5043398 3.09436118738212 17.3454 139.9923 24.51976 420.4304994451878 742.6952924323535
00011814001 6 2019-09-27T13:03:13.000 2019-09-27T13:03:55.000 2019-09-27T13:03:34.000 42.1217098990486 UVW1 114.993188071949 2.56126438838 -23.5040671 3.09433350786643 17.3455 139.99287 24.51918 417.83065298110483 740.6122670050075
00011816001 1 2019-09-27T14:12:09.000 2019-09-27T14:13:55.000 2019-09-27T14:13:02.000 104.321532968408 UVW2 115.023875710686 2.560609580537 -23.4949696 3.09332192021488 17.3558 140.01668 24.50072 247.80019732567894 788.9435917851358
00011817001 1 2019-09-27T14:14:19.000 2019-09-27T14:17:38.000 2019-09-27T14:15:58.500 196.611370848586 V 114.96718664122 2.56058185669 -23.4945842 3.09327072854889 17.3564 140.01753 24.49994 455.70531296520835 760.1052020198506
00011817001 2 2019-09-27T14:17:42.000 2019-09-27T14:20:55.000 2019-09-27T14:19:18.500 190.280639227811 V 114.96718664122 2.560550442216 -23.4941474 3.09321398836875 17.3569 140.01847 24.49904 453.61768522599317 757.7861336233465
00011818001 1 2019-09-27T14:21:18.000 2019-09-27T14:24:38.000 2019-09-27T14:22:58.000 196.633102548027 UVW1 114.998434248114 2.560515965655 -23.493668 3.09315366277545 17.3574 140.01946 24.49805 420.218058656521 756.7274753247655
00011818001 2 2019-09-27T14:24:41.000 2019-09-27T14:28:01.000 2019-09-27T14:26:21.000 196.600504998866 UVW1 114.998434248114 2.560484081518 -23.4932247 3.09309998026567 17.3578 140.02036 24.49712 419.45256844618655 752.7491957291946
00011818001 3 2019-09-27T14:28:04.000 2019-09-27T14:31:23.000 2019-09-27T14:29:43.500 196.719931258647 UVW1 114.998434248114 2.560452276685 -23.4927824 3.09304862800815 17.3581 140.02124 24.4962 417.97784779228374 749.6099012308697
00011818001 4 2019-09-27T14:31:26.000 2019-09-27T14:34:46.000 2019-09-27T14:33:06.000 196.622216987015 UVW1 114.998434248114 2.560420472628 -23.4923401 3.09299953539837 17.3584 140.02213 24.49527 414.4462631267828 746.8588951839064
00011818001 5 2019-09-27T14:34:49.000 2019-09-27T14:38:09.000 2019-09-27T14:36:29.000 196.622217104344 UVW1 114.998434248114 2.560388590817 -23.4918967 3.09295254294867 17.3586 140.02302 24.49433 411.0497664317222 742.7524962124617
00011818001 6 2019-09-27T14:38:12.000 2019-09-27T14:38:55.000 2019-09-27T14:38:33.500 42.8926557228824 UVW1 114.998434248114 2.560369038066 -23.4916248 3.09292476006378 17.3587 140.02358 24.49376 410.2715460181628 742.4740341344066
