Borisov
OH
 EXCITATION RATE AT 1 AU IS  2.400E-04 PHOT/MOL/S     RHELIO=  2.563 AU   DELTA =  3.097 AU
 THE DESTRUCTION LEVEL OF THE PARENT MOLECULES IS: DESTP= 99.0 %
 THE DESTRUCTION LEVEL OF THE RADICALS IS:         DESTR= 95.0
 OUTBURST SITUATION : TPERM= 59.64 DAYS; TOU(1)= 38.00 DAYS BEFORE PRESENT
  THE GAS PRODUCTION IS  2.74E+26 BETWEEN  38.00 DAYS AND  0.00 DAYS
 VPAR= 0.531 KM/S;  VDG= 1.050 KM/S; TPDISS= 101730.S;  TPTOT=  86430.S  TGTOT= 129000.S;  RCOMA=1.388E+06(KM); DIM=5.191E+06 KM
  L=15;   JMAX=150;  NF=26; DALFA=0.121 RD
 Spatial resolution near the nucleus is: 1989. km
 Collision sphere radius is: 0.40E+06 cm

  R (km) and DAUGHTER PRODUCT DENSITIES (cm**-3)

  0.99E+03  0.11E+03    0.70E+04  0.15E+02    0.13E+05  0.79E+01    0.19E+05  0.53E+01
  0.25E+05  0.39E+01    0.32E+05  0.29E+01    0.44E+05  0.20E+01    0.56E+05  0.15E+01
  0.68E+05  0.12E+01    0.80E+05  0.96E+00    0.92E+05  0.79E+00    0.11E+06  0.62E+00
  0.13E+06  0.50E+00    0.15E+06  0.41E+00    0.16E+06  0.35E+00    0.18E+06  0.29E+00
  0.21E+06  0.23E+00    0.24E+06  0.18E+00    0.27E+06  0.15E+00    0.30E+06  0.12E+00
  0.34E+06  0.10E+00    0.38E+06  0.77E-01    0.43E+06  0.60E-01    0.48E+06  0.47E-01
  0.53E+06  0.38E-01    0.58E+06  0.31E-01    0.65E+06  0.23E-01    0.72E+06  0.17E-01
  0.79E+06  0.13E-01    0.87E+06  0.11E-01    0.94E+06  0.82E-02    0.11E+07  0.59E-02
  0.12E+07  0.43E-02    0.13E+07  0.32E-02    0.14E+07  0.24E-02    0.15E+07  0.18E-02
  0.16E+07  0.12E-02    0.18E+07  0.86E-03    0.19E+07  0.62E-03    0.21E+07  0.45E-03
  0.22E+07  0.32E-03    0.25E+07  0.20E-03    0.27E+07  0.13E-03    0.30E+07  0.80E-04
  0.32E+07  0.51E-04    0.35E+07  0.30E-04    0.38E+07  0.14E-04    0.42E+07  0.61E-05
  0.45E+07  0.22E-05    0.49E+07  0.30E-06

 NUMBER OF RADICALS IN THE COMA: 0.186E+33
THEORETICAL VALUE FOR STEADY STATE IS  0.197E+33  TOTAL/THEORY IS 0.941

 CHECK ON COLUMN DENSITY CALCULATION ACCURACY : "S1/S2" should not differ from 100 by more than 
 1 unit except near the center or near the edge of the coma
 **  P(cm)   SG1(trapeziums)  SG2(Gauss)    nseg    G1      G2      G3      S1/S2
  0.158E+09     0.118E+12     0.116E+12      192   0.672   0.164   0.163    101.0
  0.280E+09     0.102E+12     0.101E+12      148   0.663   0.179   0.158    100.8
  0.498E+09     0.883E+11     0.883E+11      114   0.664   0.190   0.146     99.9
  0.886E+09     0.761E+11     0.760E+11       88   0.665   0.202   0.133    100.1
  0.158E+10     0.637E+11     0.637E+11       68   0.666   0.215   0.120    100.0
  0.280E+10     0.515E+11     0.515E+11       53   0.661   0.232   0.108    100.0
  0.498E+10     0.396E+11     0.396E+11       41   0.653   0.251   0.096     99.9
  0.886E+10     0.284E+11     0.284E+11       32   0.637   0.275   0.087     99.9
  0.158E+11     0.185E+11     0.185E+11       25   0.612   0.306   0.082     99.9
  0.280E+11     0.104E+11     0.104E+11       25   0.485   0.382   0.133     99.9
  0.498E+11     0.468E+10     0.469E+10       25   0.357   0.418   0.226     99.8
  0.886E+11     0.155E+10     0.155E+10       10   0.555   0.383   0.062     99.9
  0.158E+12     0.327E+09     0.328E+09       10   0.395   0.451   0.154     99.8
  0.280E+12     0.340E+08     0.343E+08        5   0.503   0.454   0.043     99.3
1

   P(km)       N(cm-2)     P(km)       N(cm-2)     P(km)       N(cm-2)     P(km)       N(cm-2)  

  0.995E+03   1.25E+11    1.116E+03   1.23E+11    1.252E+03   1.21E+11    1.405E+03   1.19E+11
  1.576E+03   1.16E+11    1.769E+03   1.14E+11    1.984E+03   1.13E+11    2.227E+03   1.09E+11
  2.498E+03   1.05E+11    2.803E+03   1.01E+11    3.145E+03   9.88E+10    3.529E+03   9.65E+10
  3.960E+03   9.39E+10    4.443E+03   9.11E+10    4.985E+03   8.83E+10    5.593E+03   8.60E+10
  6.275E+03   8.36E+10    7.041E+03   8.11E+10    7.900E+03   7.86E+10    8.864E+03   7.60E+10
  9.946E+03   7.36E+10    1.116E+04   7.12E+10    1.252E+04   6.87E+10    1.405E+04   6.62E+10
  1.576E+04   6.37E+10    1.769E+04   6.12E+10    1.984E+04   5.88E+10    2.227E+04   5.64E+10
  2.498E+04   5.39E+10    2.803E+04   5.15E+10    3.145E+04   4.91E+10    3.529E+04   4.67E+10
  3.960E+04   4.43E+10    4.443E+04   4.20E+10    4.985E+04   3.96E+10    5.593E+04   3.73E+10
  6.275E+04   3.50E+10    7.041E+04   3.28E+10    7.900E+04   3.06E+10    8.864E+04   2.84E+10
  9.946E+04   2.63E+10    1.116E+05   2.43E+10    1.252E+05   2.23E+10    1.405E+05   2.04E+10
  1.576E+05   1.85E+10    1.769E+05   1.67E+10    1.984E+05   1.50E+10    2.227E+05   1.34E+10
  2.498E+05   1.18E+10    2.803E+05   1.04E+10    3.145E+05   9.03E+09    3.529E+05   7.78E+09
  3.960E+05   6.65E+09    4.443E+05   5.61E+09    4.985E+05   4.69E+09    5.593E+05   3.87E+09
  6.275E+05   3.15E+09    7.041E+05   2.53E+09    7.900E+05   2.00E+09    8.864E+05   1.55E+09
  9.946E+05   1.19E+09    1.116E+06   8.92E+08    1.252E+06   6.55E+08    1.405E+06   4.68E+08
  1.576E+06   3.28E+08    1.769E+06   2.25E+08    1.984E+06   1.50E+08    2.227E+06   9.66E+07
  2.498E+06   5.94E+07    2.803E+06   3.43E+07    3.145E+06   1.82E+07    3.529E+06   8.47E+06


 Customized slit size:  17.00 by  17.00  arc sec  {perpendicular + along sun-comet line}
  SLITCENTER (km)   AVERAGE COL. DENSITY (cm-2)    BRIGHTNESS (kR)
     0.995E+03               0.675E+11                     2.466E-03
     0.140E+04               0.675E+11                     2.465E-03
     0.198E+04               0.674E+11                     2.463E-03
     0.280E+04               0.673E+11                     2.460E-03
     0.396E+04               0.672E+11                     2.453E-03
     0.559E+04               0.668E+11                     2.440E-03
     0.790E+04               0.661E+11                     2.414E-03
     0.112E+05               0.646E+11                     2.361E-03
     0.158E+05               0.616E+11                     2.252E-03
     0.223E+05               0.559E+11                     2.041E-03
     0.315E+05               0.490E+11                     1.790E-03
     0.444E+05               0.420E+11                     1.533E-03
     0.628E+05               0.351E+11                     1.281E-03
     0.886E+05               0.285E+11                     1.040E-03
     0.125E+06               0.223E+11                     8.146E-04
     0.177E+06               0.167E+11                     6.100E-04
     0.250E+06               0.118E+11                     4.316E-04
     0.353E+06               0.778E+10                     2.843E-04
     0.498E+06               0.469E+10                     1.712E-04
     0.704E+06               0.253E+10                     9.232E-05
     0.995E+06               0.119E+10                     4.343E-05
     0.140E+07               0.468E+09                     1.710E-05
     0.198E+07               0.150E+09                     5.485E-06
     0.280E+07               0.343E+08                     1.252E-06

